id,0,1,2
0,0.11,0.235,0.655
1,0.32,0.2625,0.4175
2,0.27,0.7125,0.0175
3,0.0425,0.665,0.2925
4,0.4125,0.3475,0.24
5,0.305,0.68,0.015
6,0.4575,0.18,0.3625
7,0.2625,0.6725,0.065
8,0.21,0.15,0.64
9,0.4525,0.32,0.2275
10,0.37,0.185,0.445
11,0.19,0.465,0.345
12,0.535,0.225,0.24
13,0.4425,0.255,0.3025
14,0.345,0.4025,0.2525
15,0.3725,0.2,0.4275
16,0.275,0.2875,0.4375
17,0.2925,0.27,0.4375
18,0.255,0.2975,0.4475
19,0.1825,0.3175,0.5
20,0.3275,0.195,0.4775
21,0.195,0.4175,0.3875
22,0.4025,0.1275,0.47
23,0.2525,0.1275,0.62
24,0.465,0.5125,0.0225
25,0.535,0.3025,0.1625
26,0.34,0.6025,0.0575
27,0.0,0.0,1.0
28,0.1575,0.21,0.6325
29,0.3725,0.195,0.4325
30,0.21,0.76,0.03
31,0.2075,0.77,0.0225
32,0.2125,0.3975,0.39
33,0.5575,0.3425,0.1
34,0.205,0.235,0.56
35,0.3325,0.235,0.4325
36,0.2325,0.71,0.0575
37,0.5875,0.1725,0.24
38,0.2475,0.7225,0.03
39,0.42,0.205,0.375
40,0.4575,0.3225,0.22
41,0.12,0.05,0.83
42,0.1825,0.285,0.5325
43,0.4699375,0.3100625,0.22
44,0.045,0.0675,0.8875
45,0.1525,0.79,0.0575
46,0.5625,0.2225,0.215
47,0.45,0.545,0.005
48,0.1625,0.665,0.1725
49,0.1925,0.7675,0.04
50,0.4025,0.5675,0.03
51,0.21,0.26,0.53
52,0.3425,0.1725,0.485
53,0.57,0.125,0.305
54,0.2475,0.1425,0.61
55,0.6325,0.355,0.0125
56,0.21,0.5175,0.2725
57,0.245,0.3325,0.4225
58,0.2425,0.4475,0.31
59,0.1675,0.2325,0.6
60,0.2,0.2175,0.5825
61,0.11,0.0775,0.8125
62,0.2325,0.765,0.0025
63,0.62,0.38,0.0
64,0.06,0.8825,0.0575
65,0.3575,0.3425,0.3
66,0.065,0.56,0.375
67,0.14,0.4475,0.4125
68,0.205,0.47,0.325
69,0.09,0.6775,0.2325
70,0.0475,0.395,0.5575
71,0.635,0.335,0.03
72,0.7475,0.185,0.0675
73,0.4875,0.3275,0.185
74,0.4575,0.285,0.2575
75,0.2825,0.13,0.5875
76,0.525,0.4125,0.0625
77,0.17,0.275,0.555
78,0.36,0.3575,0.2825
79,0.45,0.12,0.43
80,0.615,0.22,0.165
81,0.4925,0.3175,0.19
82,0.65,0.2325,0.1175
83,0.3725,0.31,0.3175
84,0.5625,0.2125,0.225
85,0.2875,0.18,0.5325
86,0.325,0.375,0.3
87,0.405,0.5675,0.0275
88,0.76,0.1975,0.0425
89,0.3,0.16,0.54
90,0.2725,0.1925,0.535
91,0.54,0.2275,0.2325
92,0.0375,0.015,0.9475
93,0.5175,0.285,0.1975
94,0.2925,0.645,0.0625
95,0.2225,0.3175,0.46
96,0.3575,0.2125,0.43
97,0.125,0.2775,0.5975
98,0.26,0.4525,0.2875
99,0.535,0.31,0.155
100,0.1275,0.1725,0.7
101,0.4875,0.37,0.1425
102,0.425,0.32,0.255
103,0.01,0.255,0.735
104,0.12,0.1125,0.7675
105,0.1475,0.2875,0.565
106,0.3575,0.23,0.4125
107,0.515,0.24,0.245
108,0.2075,0.4125,0.38
109,0.13,0.115,0.755
110,0.1625,0.545,0.2925
111,0.55,0.18,0.27
112,0.6325,0.305,0.0625
113,0.3325,0.0775,0.59
114,0.1575,0.26,0.5825
115,0.0675,0.27,0.6625
116,0.51,0.4875,0.0025
117,0.2475,0.515,0.2375
118,0.485,0.42,0.095
119,0.105,0.3506666666666667,0.5443333333333333
120,0.365,0.27,0.365
121,0.175,0.2225,0.6025
122,0.46,0.185,0.355
123,0.395,0.4275,0.1775
124,0.01,0.3825,0.6075
125,0.1825,0.7525,0.065
126,0.2425,0.295,0.4625
127,0.4525,0.3075,0.24
128,0.4575,0.3025,0.24
129,0.225,0.485,0.29
130,0.86,0.13,0.01
131,0.07,0.325,0.605
132,0.635,0.18,0.185
133,0.195,0.2975,0.5075
134,0.28,0.585,0.135
135,0.3575,0.305,0.3375
136,0.175,0.325,0.5
137,0.555,0.425,0.02
138,0.1975,0.2525,0.55
139,0.14,0.4025,0.4575
140,0.3175,0.4375,0.245
141,0.4075,0.235,0.3575
142,0.1825,0.2425,0.575
143,0.025,0.2075,0.7675
144,0.8175,0.145,0.0375
145,0.56,0.405,0.035
146,0.3525,0.275,0.3725
147,0.1775,0.1725,0.65
148,0.2475,0.72,0.0325
149,0.2175,0.43,0.3525
150,0.4075,0.2625,0.33
151,0.0275,0.2175,0.755
152,0.3525,0.3,0.3475
153,0.2925,0.5775,0.13
154,0.405,0.2225,0.3725
155,0.405,0.3875,0.2075
156,0.2575,0.2225,0.52
157,0.0425,0.1825,0.775
158,0.1825,0.7,0.1175
159,0.6525,0.2275,0.12
160,0.06,0.465,0.475
161,0.855,0.105,0.04
162,0.245,0.2075,0.5475
163,0.3425,0.275,0.3825
164,0.265,0.2825,0.4525
165,0.2982767857142856,0.701723214285714,0.0
166,0.33,0.6325,0.0375
167,0.225,0.27,0.505
168,0.02,0.9175,0.0625
169,0.2225,0.4625,0.315
170,0.5875,0.3875,0.025
171,0.1925,0.3075,0.5
172,0.15,0.235,0.615
173,0.6225,0.2125,0.165
174,0.16,0.175,0.665
175,0.1775,0.325,0.4975
176,0.2175,0.4175,0.365
177,0.37,0.1025,0.5275
178,0.5825,0.3475,0.07
179,0.265,0.095,0.64
180,0.51,0.39,0.1
181,0.2025,0.4825,0.315
182,0.0525,0.1675,0.78
183,0.13,0.1925,0.6775
184,0.3675,0.27,0.3625
185,0.775,0.0925,0.1325
186,0.0825,0.2325,0.685
187,0.3625,0.6325,0.005
188,0.295,0.39,0.315
189,0.30291666666666667,0.3095833333333333,0.3875
190,0.5575,0.2225,0.22
191,0.3175,0.34625,0.33625
192,0.3125,0.23,0.4575
193,0.115,0.1525,0.7325
194,0.295,0.1975,0.5075
195,0.515,0.28,0.205
196,0.1675,0.18,0.6525
197,0.3,0.5041666666666667,0.19583333333333333
198,0.31,0.345,0.345
199,0.1825,0.29625,0.52125
200,0.265,0.5325,0.2025
201,0.065,0.3,0.635
202,0.265,0.45,0.285
203,0.05,0.13,0.82
204,0.2275,0.3,0.4725
205,0.2475,0.2375,0.515
206,0.235,0.18,0.585
207,0.3075,0.2925,0.4
208,0.0975,0.18,0.7225
209,0.33,0.1375,0.5325
210,0.0775,0.0725,0.85
211,0.2975,0.105,0.5975
212,0.1575,0.69,0.1525
213,0.185,0.59,0.225
214,0.2675,0.405,0.3275
215,0.0475,0.3075,0.645
216,0.4075,0.585,0.0075
217,0.5875,0.23,0.1825
218,0.3075,0.1875,0.505
219,0.12,0.3325,0.5475
220,0.8875,0.1125,0.0
221,0.633125,0.166875,0.2
222,0.3425,0.4675,0.19
223,0.2675,0.2725,0.46
224,0.145,0.525,0.33
225,0.2,0.1525,0.6475
226,0.35,0.24,0.41
227,0.72,0.16,0.12
228,0.605,0.1425,0.2525
229,0.49,0.2725,0.2375
230,0.665,0.1375,0.1975
231,0.21,0.53,0.26
232,0.2825,0.355,0.3625
233,0.36,0.53,0.11
234,0.01,0.1225,0.8675
235,0.3575,0.615,0.0275
236,0.3925,0.5825,0.025
237,0.60275,0.21725000000000003,0.18
238,0.5125,0.4425,0.045
239,0.0,0.0,1.0
240,0.305,0.2325,0.4625
241,0.355,0.37,0.275
242,0.5675,0.1875,0.245
243,0.25,0.5725,0.1775
244,0.6,0.2725,0.1275
245,0.3075,0.6925,0.0
246,0.7975,0.0625,0.14
247,0.1475,0.8475,0.005
248,0.315,0.28,0.405
249,0.42,0.2975,0.2825
250,0.1525,0.1775,0.67
251,0.4575,0.32,0.2225
252,0.325,0.465,0.21
253,0.295,0.365,0.34
254,0.37,0.56,0.07
255,0.1975,0.6975,0.105
256,0.425,0.2225,0.3525
257,0.01,0.1325,0.8575
258,0.7525,0.16,0.0875
259,0.4775,0.155,0.3675
260,0.585,0.3775,0.0375
261,0.375,0.2475,0.3775
262,0.6625,0.2175,0.12
263,0.2175,0.1875,0.595
264,0.0825,0.0775,0.84
265,0.3,0.5875,0.1125
266,0.665,0.165,0.17
267,0.2725,0.11,0.6175
268,0.405,0.5725,0.0225
269,0.05,0.3975,0.5525
270,0.7125,0.1475,0.14
271,0.5975,0.235,0.1675
272,0.5835416666666667,0.23395833333333335,0.1825
273,0.1425,0.225,0.6325
274,0.32,0.1975,0.4825
275,0.5075,0.4825,0.01
276,0.2475,0.285,0.4675
277,0.12,0.32,0.56
278,0.69,0.0475,0.2625
279,0.505,0.4625,0.0325
280,0.19,0.415,0.395
281,0.32,0.66,0.02
282,0.2375,0.23,0.5325
283,0.28,0.375,0.345
284,0.355,0.32,0.325
285,0.2825,0.255,0.4625
286,0.6575,0.225,0.1175
287,0.44,0.475,0.085
288,0.415,0.58,0.005
289,0.0875,0.6925,0.22
290,0.72,0.225,0.055
291,0.1425,0.355,0.5025
292,0.39,0.355,0.255
293,0.485,0.2225,0.2925
294,0.3375,0.3025,0.36
295,0.275,0.055,0.67
296,0.1525,0.135,0.7125
297,0.5425,0.2325,0.225
298,0.76,0.1625,0.0775
299,0.9525,0.0375,0.01
300,0.2575,0.3275,0.415
301,0.54,0.3075,0.1525
302,0.3425,0.475,0.1825
303,0.3125,0.3425,0.345
304,0.37,0.255,0.375
305,0.3625,0.2725,0.365
306,0.1075,0.265,0.6275
307,0.44,0.2475,0.3125
308,0.12,0.5675,0.3125
309,0.2925,0.25,0.4575
310,0.545,0.3025,0.1525
311,0.3325,0.405,0.2625
312,0.5075,0.32,0.1725
313,0.2525,0.3175,0.43
314,0.0775,0.2075,0.715
315,0.5675,0.35,0.0825
316,0.2525,0.2675,0.48
317,0.715,0.2375,0.0475
318,0.4125,0.2625,0.325
319,0.18,0.795,0.025
320,0.41708333333333336,0.4029166666666667,0.18
321,0.155,0.1675,0.6775
322,0.145,0.445,0.41
323,0.56,0.2225,0.2175
324,0.43,0.3525,0.2175
325,0.03,0.1275,0.8425
326,0.2825,0.3175,0.4
327,0.2875,0.6925,0.02
328,0.535,0.275,0.19
329,0.175,0.47,0.355
330,0.53,0.47,0.0
331,0.6075,0.1575,0.235
332,0.2225,0.395,0.3825
333,0.65,0.3,0.05
334,0.3625,0.6325,0.005
335,0.42,0.095,0.485
336,0.755,0.1125,0.1325
337,0.5775,0.305,0.1175
338,0.62,0.175,0.205
339,0.195,0.27791666666666665,0.5270833333333332
340,0.2425,0.7075,0.05
341,0.3375,0.2575,0.405
342,0.095,0.9,0.005
343,0.25,0.44,0.31
344,0.1275,0.185,0.6875
345,0.3225,0.33,0.3475
346,0.005,0.09,0.905
347,0.3425,0.55,0.1075
348,0.4925,0.1625,0.345
349,0.3425,0.2825,0.375
350,0.1425,0.1675,0.69
351,0.36,0.3025,0.3375
352,0.5425,0.2875,0.17
353,0.355,0.265,0.38
354,0.2275,0.37,0.4025
355,0.1275,0.375,0.4975
356,0.1625,0.1825,0.655
357,0.4975,0.2875,0.215
358,0.275,0.38,0.345
359,0.7225,0.1475,0.13
360,0.1425,0.205,0.6525
361,0.245,0.2475,0.5075
362,0.49,0.3525,0.1575
363,0.6725,0.2875,0.04
364,0.6075,0.39083333333333337,0.0016666666666666666
365,0.1625,0.4425,0.395
366,0.2025,0.3525,0.445
367,0.7425,0.2125,0.045
368,0.3725,0.415,0.2125
369,0.125,0.515,0.36
370,0.035,0.46,0.505
371,0.2875,0.69,0.0225
372,0.39,0.21,0.4
373,0.22,0.1175,0.6625
374,0.1775,0.33,0.4925
375,0.4875,0.1675,0.345
376,0.4075,0.35,0.2425
377,0.7375,0.2225,0.04
378,0.23,0.745,0.025
379,0.2275,0.7725,0.0
380,0.16,0.83,0.01
381,0.4175,0.32,0.2625
382,0.42,0.1925,0.3875
383,0.095,0.16,0.745
384,0.1,0.13,0.77
385,0.3925,0.335,0.2725
386,0.0975,0.55,0.3525
387,0.41,0.25,0.34
388,0.09,0.2025,0.7075
389,0.4025,0.41,0.1875
390,0.68,0.2975,0.0225
391,0.2275,0.5975,0.175
392,0.2425,0.545,0.2125
393,0.385,0.325,0.29
394,0.6075,0.3425,0.05
395,0.57,0.1975,0.2325
396,0.1675,0.195,0.6375
397,0.3375,0.605,0.0575
398,0.2925,0.4025,0.305
399,0.2475,0.67,0.0825
400,0.11,0.1125,0.7775
401,0.3175,0.405,0.2775
402,0.3175,0.43,0.2525
403,0.3125,0.3475,0.34
404,0.6225,0.18,0.1975
405,0.1675,0.1825,0.65
406,0.3025,0.38,0.3175
407,0.1225,0.1925,0.685
408,0.2285,0.4065000000000001,0.365
409,0.435,0.5125,0.0525
410,0.2375,0.215,0.5475
411,0.0975,0.32,0.5825
412,0.38,0.185,0.435
413,0.7175,0.2575,0.025
414,0.1025,0.2775,0.62
415,0.23,0.0875,0.6825
416,0.2725,0.24,0.4875
417,0.37821428571428567,0.1792857142857143,0.4425
418,0.235,0.36,0.405
419,0.065,0.125,0.81
420,0.4375,0.56,0.0025
421,0.3875,0.3125,0.3
422,0.2925,0.28,0.4275
423,0.2125,0.4775,0.31
424,0.1575,0.4675,0.375
425,0.5,0.335,0.165
426,0.5975,0.0975,0.305
427,0.315,0.5925,0.0925
428,0.52,0.17,0.31
429,0.3725,0.185,0.4425
430,0.2575,0.235,0.5075
431,0.4225,0.32,0.2575
432,0.405,0.2075,0.3875
433,0.3925,0.58,0.0275
434,0.2625,0.42,0.3175
435,0.3075,0.29,0.4025
436,0.4125,0.185,0.4025
437,0.5275,0.3825,0.09
438,0.815,0.1475,0.0375
439,0.175,0.4125,0.4125
440,0.1125,0.735,0.1525
441,0.3175,0.445,0.2375
442,0.43,0.3275,0.2425
443,0.42,0.37,0.21
444,0.59,0.285,0.125
445,0.3,0.405,0.295
446,0.4225,0.3925,0.185
447,0.15,0.845,0.005
448,0.47,0.1925,0.3375
449,0.1825,0.4225,0.395
450,0.7775,0.22,0.0025
451,0.56,0.4325,0.0075
452,0.4125,0.2075,0.38
453,0.4025,0.49,0.1075
454,0.3975,0.295,0.3075
455,0.42,0.3425,0.2375
456,0.5575,0.2025,0.24
457,0.0575,0.34,0.6025
458,0.3575,0.4025,0.24
459,0.47,0.3425,0.1875
460,0.4575,0.4425,0.1
461,0.3375,0.3075,0.355
462,0.0525,0.1775,0.77
463,0.1675,0.26,0.5725
464,0.4225,0.3125,0.265
465,0.54,0.2225,0.2375
466,0.3875,0.355,0.2575
467,0.2225,0.36875,0.40875
468,0.63,0.295,0.075
469,0.2475,0.62,0.1325
470,0.145,0.3325,0.5225
471,0.4275,0.2925,0.28
472,0.2975,0.265,0.4375
473,0.28,0.4075,0.3125
474,0.4875,0.12,0.3925
475,0.395,0.195,0.41
476,0.3025,0.15,0.5475
477,0.13,0.2075,0.6625
478,0.285,0.5475,0.1675
479,0.3825,0.2225,0.395
480,0.1775,0.225,0.5975
481,0.305,0.2925,0.4025
482,0.3675,0.385,0.2475
483,0.58,0.365,0.055
484,0.4125,0.2175,0.37
485,0.165,0.8325,0.0025
486,0.5383333333333333,0.31666666666666665,0.145
487,0.41,0.55,0.04
488,0.5025,0.2625,0.235
489,0.15,0.1475,0.7025
490,0.56,0.2425,0.1975
491,0.24,0.36,0.4
492,0.435,0.3275,0.2375
493,0.7225,0.23,0.0475
494,0.3025,0.2725,0.425
495,0.33,0.3975,0.2725
496,0.4175,0.345,0.2375
497,0.5075,0.2625,0.23
498,0.08,0.3975,0.5225
499,0.4475,0.2025,0.35
500,0.5575,0.4375,0.005
501,0.715,0.2,0.085
502,0.3025,0.4075,0.29
503,0.5275,0.28,0.1925
504,0.2675,0.2475,0.485
505,0.075,0.9225,0.0025
506,0.2875,0.3125,0.4
507,0.4125,0.395,0.1925
508,0.6625,0.1975,0.14
509,0.3225,0.4625,0.215
510,0.5625,0.315,0.1225
511,0.6525,0.2275,0.12
512,0.3825,0.295,0.3225
513,0.515,0.2225,0.2625
514,0.1475,0.85,0.0025
515,0.5525,0.265,0.1825
516,0.39,0.205,0.405
517,0.2325,0.3875,0.38
518,0.6025,0.1825,0.215
519,0.53,0.4225,0.0475
520,0.34,0.225,0.435
521,0.45,0.3625,0.1875
522,0.3925,0.32,0.2875
523,0.42,0.4875,0.0925
524,0.4075,0.155,0.4375
525,0.395,0.555,0.05
526,0.1,0.37,0.53
527,0.06,0.2375,0.7025
528,0.495,0.2225,0.2825
529,0.1575,0.2525,0.59
530,0.27,0.4175,0.3125
531,0.16,0.365,0.475
532,0.11,0.1275,0.7625
533,0.1975,0.135,0.6675
534,0.21,0.22,0.57
535,0.5975,0.2725,0.13
536,0.4075,0.2425,0.35
537,0.39,0.425,0.185
538,0.18,0.455,0.365
539,0.525,0.4425,0.0325
540,0.35,0.2675,0.3825
541,0.6225,0.365,0.0125
542,0.3975,0.36,0.2425
543,0.175,0.28,0.545
544,0.2425,0.25,0.5075
545,0.7825,0.0625,0.155
546,0.4875,0.2025,0.31
547,0.3375,0.635,0.0275
548,0.1,0.215,0.685
549,0.1125,0.0625,0.825
550,0.5,0.305,0.195
551,0.1375,0.3325,0.53
552,0.5225,0.21,0.2675
553,0.0775,0.475,0.4475
554,0.1125,0.2375,0.65
555,0.2525,0.65,0.0975
556,0.54,0.2675,0.1925
557,0.43875,0.22375,0.3375
558,0.32,0.31,0.37
559,0.415,0.25833333333333336,0.32666666666666666
560,0.23,0.4375,0.3325
561,0.4775,0.2975,0.225
562,0.34,0.155,0.505
563,0.2875,0.115,0.5975
564,0.0,0.6475,0.3525
565,0.12,0.2375,0.6425
566,0.5725,0.4075,0.02
567,0.57,0.1175,0.3125
568,0.105,0.89,0.005
569,0.05,0.0375,0.9125
570,0.21,0.3075,0.4825
571,0.5975,0.2,0.2025
572,0.5325,0.4475,0.02
573,0.56,0.415,0.025
574,0.67,0.195,0.135
575,0.11,0.18,0.71
576,0.555,0.08,0.365
577,0.185,0.5125,0.3025
578,0.5425,0.4575,0.0
579,0.3625,0.37,0.2675
580,0.3525,0.3675,0.28
581,0.19,0.3375,0.4725
582,0.5775,0.2475,0.175
583,0.3,0.3475,0.3525
584,0.895,0.08,0.025
585,0.47,0.32,0.21
586,0.767,0.1405,0.0925
587,0.1475,0.1825,0.67
588,0.6675,0.255,0.0775
589,0.2625,0.0975,0.64
590,0.0725,0.1325,0.795
591,0.5575,0.24,0.2025
592,0.3525,0.4925,0.155
593,0.295,0.6625,0.0425
594,0.4125,0.55,0.0375
595,0.46,0.2525,0.2875
596,0.2,0.5975,0.2025
597,0.37375,0.45375,0.1725
598,0.045,0.31,0.645
599,0.475,0.525,0.0
600,0.655,0.0775,0.2675
601,0.715,0.2375,0.0475
602,0.0175,0.1125,0.87
603,0.2875,0.2875,0.425
604,0.4,0.21,0.39
605,0.1375,0.8525,0.01
606,0.365,0.3,0.335
607,0.12,0.2925,0.5875
608,0.5275,0.3975,0.075
609,0.79,0.155,0.055
610,0.3925,0.4825,0.125
611,0.87,0.0475,0.0825
612,0.26,0.215,0.525
613,0.1225,0.23,0.6475
614,0.4425,0.2525,0.305
615,0.1,0.2275,0.6725
616,0.3925,0.265,0.3425
617,0.3425,0.3725,0.285
618,0.1925,0.76,0.0475
619,0.28600000000000003,0.20149999999999998,0.5125
620,0.375,0.385,0.24
621,0.2725,0.7225,0.005
622,0.02,0.0225,0.9575
623,0.7125,0.2125,0.075
624,0.415,0.345,0.24
625,0.46,0.275,0.265
626,0.19891666666666666,0.7735833333333333,0.0275
627,0.0975,0.8975,0.005
628,0.6375,0.27,0.0925
629,0.31,0.3825,0.3075
630,0.3475,0.46,0.1925
631,0.36,0.205,0.435
632,0.315,0.51,0.175
633,0.455,0.5125,0.0325
634,0.49,0.495,0.015
635,0.28,0.265,0.455
636,0.0875,0.08,0.8325
637,0.3275,0.47,0.2025
638,0.145,0.5425,0.3125
639,0.19,0.315,0.495
640,0.305,0.245,0.45
641,0.08,0.045,0.875
642,0.365,0.2875,0.3475
643,0.365,0.2975,0.3375
644,0.0275,0.3475,0.625
645,0.4875,0.055,0.4575
646,0.54,0.235,0.225
647,0.175,0.29,0.535
648,0.18,0.6425,0.1775
649,0.4175,0.32,0.2625
650,0.19,0.37,0.44
651,0.3775,0.435,0.1875
652,0.1175,0.6375,0.245
653,0.2925,0.7025,0.005
654,0.865,0.08,0.055
655,0.3625,0.24,0.3975
656,0.245,0.4225,0.3325
657,0.2325,0.375,0.3925
658,0.235,0.27,0.495
659,0.44,0.3175,0.2425
660,0.0325,0.045,0.9225
661,0.52,0.24,0.24
662,0.63,0.1925,0.1775
663,0.515,0.3025,0.1825
664,0.0775,0.2675,0.655
665,0.5375,0.155,0.3075
666,0.2375,0.2775,0.485
667,0.495,0.4725,0.0325
668,0.245,0.3075,0.4475
669,0.2975,0.225,0.4775
670,0.2925,0.4425,0.265
671,0.7375,0.08,0.1825
672,0.465,0.36,0.175
673,0.065,0.63,0.305
674,0.1675,0.4125,0.42
675,0.0175,0.4175,0.565
676,0.12,0.33,0.55
677,0.475,0.2125,0.3125
678,0.3575,0.1875,0.455
679,0.6275,0.2575,0.115
680,0.26,0.52,0.22
681,0.7,0.215,0.085
682,0.1525,0.45,0.3975
683,0.145,0.295,0.56
684,0.1775,0.4925,0.33
685,0.0425,0.1675,0.79
686,0.495,0.145,0.36
687,0.33,0.465,0.205
688,0.285,0.43,0.285
689,0.1575,0.4875,0.355
690,0.335,0.29,0.375
691,0.43,0.2,0.37
692,0.875,0.065,0.06
693,0.185,0.815,0.0
694,0.26,0.2425,0.4975
695,0.15,0.1675,0.6825
696,0.2825,0.1675,0.55
697,0.455,0.43,0.115
698,0.0575,0.0875,0.855
699,0.335,0.165,0.5
700,0.26,0.265,0.475
701,0.3725,0.265,0.3625
702,0.54,0.2475,0.2125
703,0.155,0.595,0.25
704,0.6,0.3,0.1
705,0.3075,0.18,0.5125
706,0.4975,0.25,0.2525
707,0.19,0.2775,0.5325
708,0.1025,0.1875,0.71
709,0.19,0.3975,0.4125
710,0.1925,0.0925,0.715
711,0.11,0.64,0.25
712,0.255,0.255,0.49
713,0.0475,0.225,0.7275
714,0.1675,0.1725,0.66
715,0.4375,0.18,0.3825
716,0.415,0.275,0.31
717,0.4175,0.3075,0.275
718,0.4275,0.4775,0.095
719,0.2975,0.51,0.1925
720,0.595,0.2775,0.1275
721,0.11,0.2625,0.6275
722,0.0825,0.485,0.4325
723,0.4,0.27,0.33
724,0.5475,0.4175,0.035
725,0.41,0.2675,0.3225
726,0.32,0.325,0.355
727,0.3975,0.3675,0.235
728,0.375,0.41,0.215
729,0.21,0.415,0.375
730,0.32,0.2875,0.3925
731,0.0525,0.8875,0.06
732,0.2866666666666666,0.4483333333333333,0.265
733,0.1825,0.2575,0.56
734,0.075,0.9125,0.0125
735,0.5925,0.26,0.1475
736,0.5125,0.465,0.0225
737,0.745,0.0875,0.1675
738,0.215,0.2125,0.5725
739,0.6,0.3025,0.0975
740,0.28,0.325,0.395
741,0.4925,0.2,0.3075
742,0.2825,0.715,0.0025
743,0.1125,0.61,0.2775
744,0.525,0.295,0.18
745,0.615,0.3025,0.0825
746,0.2525,0.3575,0.39
747,0.49318749999999995,0.2818125,0.225
748,0.4675,0.3925,0.14
749,0.3725,0.555,0.0725
750,0.3975,0.275,0.3275
751,0.2775,0.575,0.1475
752,0.4,0.4,0.2
753,0.39,0.3,0.31
754,0.0525,0.015,0.9325
755,0.1825,0.2675,0.55
756,0.1775,0.12,0.7025
757,0.64,0.145,0.215
758,0.52,0.2425,0.2375
759,0.2725,0.23,0.4975
760,0.31,0.2275,0.4625
761,0.6475,0.25,0.1025
762,0.3775,0.3725,0.25
763,0.585,0.32,0.095
764,0.295,0.1625,0.5425
765,0.245,0.4675,0.2875
766,0.1375,0.625,0.2375
767,0.3625,0.355,0.2825
768,0.19,0.3125,0.4975
769,0.18,0.2075,0.6125
770,0.275,0.1425,0.5825
771,0.1175,0.35291666666666666,0.5295833333333334
772,0.4075,0.2575,0.335
773,0.3325,0.6675,0.0
774,0.365,0.3125,0.3225
775,0.0575,0.1675,0.775
776,0.3,0.24,0.46
777,0.3025,0.355,0.3425
778,0.1825,0.6775,0.14
779,0.245,0.275,0.48
780,0.12,0.8675,0.0125
781,0.095,0.315,0.59
782,0.3325,0.395,0.2725
783,0.2425,0.4225,0.335
784,0.325,0.35,0.325
785,0.2825,0.4625,0.255
786,0.365,0.385,0.25
787,0.065,0.4625,0.4725
788,0.5275,0.4025,0.07
789,0.2,0.2275,0.5725
790,0.555,0.3525,0.0925
791,0.2525,0.53,0.2175
792,0.3275,0.6525,0.02
793,0.6375,0.3175,0.045
794,0.35,0.5475,0.1025
795,0.28,0.135,0.585
796,0.4125,0.1175,0.47
797,0.285,0.515,0.2
798,0.58,0.4025,0.0175
799,0.2325,0.7625,0.005
800,0.4525,0.335,0.2125
801,0.11,0.125,0.765
802,0.34,0.14,0.52
803,0.075,0.6575,0.2675
804,0.4375,0.32,0.2425
805,0.3225,0.24,0.4375
806,0.295,0.385,0.32
807,0.19,0.475,0.335
808,0.4875,0.225,0.2875
809,0.7625,0.12,0.1175
810,0.105,0.7875,0.1075
811,0.4925,0.385,0.1225
812,0.2475,0.455,0.2975
813,0.18,0.2775,0.5425
814,0.355,0.3225,0.3225
815,0.325,0.655,0.02
816,0.335,0.53,0.135
817,0.3175,0.24,0.4425
818,0.405,0.57,0.025
819,0.4575,0.535,0.0075
820,0.78125,0.12125,0.0975
821,0.2975,0.6975,0.005
822,0.0,0.0,1.0
823,0.09,0.0225,0.8875
824,0.1225,0.2775,0.6
825,0.2125,0.46,0.3275
826,0.225,0.5475,0.2275
827,0.45,0.3225,0.2275
828,0.22,0.22,0.56
829,0.5675,0.2925,0.14
830,0.1775,0.2625,0.56
831,0.18,0.35,0.47
832,0.0425,0.5,0.4575
833,0.4475,0.34,0.2125
834,0.3125,0.415,0.2725
835,0.28,0.535,0.185
836,0.4975,0.39,0.1125
837,0.0525,0.0925,0.855
838,0.19,0.295,0.515
839,0.1775,0.2175,0.605
840,0.21,0.3475,0.4425
841,0.165,0.7025,0.1325
842,0.4,0.3725,0.2275
843,0.305,0.2025,0.4925
844,0.2425,0.7025,0.055
845,0.1725,0.825,0.0025
846,0.3575,0.3675,0.275
847,0.125,0.155,0.72
848,0.475,0.34,0.185
849,0.0075,0.8925,0.1
850,0.425,0.4225,0.1525
851,0.27,0.235,0.495
852,0.09,0.3325,0.5775
853,0.0575,0.285,0.6575
854,0.415,0.1875,0.3975
855,0.4275,0.24,0.3325
856,0.7,0.23,0.07
857,0.1675,0.2075,0.625
858,0.1325,0.2625,0.605
859,0.0475,0.5,0.4525
860,0.3825,0.4175,0.2
861,0.45,0.495,0.055
862,0.2,0.7775,0.0225
863,0.34,0.4225,0.2375
864,0.2975,0.685,0.0175
865,0.525,0.15,0.325
866,0.4875,0.4075,0.105
867,0.35,0.3925,0.2575
868,0.53,0.39,0.08
869,0.5,0.3575,0.1425
870,0.5575,0.2775,0.165
871,0.275,0.2625,0.4625
872,0.2225,0.055,0.7225
873,0.4175,0.575,0.0075
874,0.21,0.3375,0.4525
875,0.2825,0.355,0.3625
876,0.13,0.1575,0.7125
877,0.3225,0.4775,0.2
878,0.465,0.25,0.285
879,0.3625,0.2375,0.4
880,0.395,0.2725,0.3325
881,0.14,0.8475,0.0125
882,0.30875,0.37625,0.315
883,0.2325,0.53,0.2375
884,0.1975,0.3225,0.48
885,0.23,0.5325,0.2375
886,0.61,0.2125,0.1775
887,0.2275,0.75,0.0225
888,0.2275,0.3877083333333334,0.38479166666666664
889,0.6425,0.18,0.1775
890,0.28,0.2675,0.4525
891,0.1875,0.1525,0.66
892,0.4625,0.145,0.3925
893,0.1475,0.195,0.6575
894,0.3025,0.5,0.1975
895,0.5925,0.2275,0.18
896,0.545,0.175,0.28
897,0.2175,0.1925,0.59
898,0.22,0.76,0.02
899,0.3475,0.3225,0.33
900,0.2725,0.405,0.3225
901,0.145,0.325,0.53
902,0.4675,0.1175,0.415
903,0.39,0.3075,0.3025
904,0.1525,0.6625,0.185
905,0.485,0.2075,0.3075
906,0.75375,0.21125,0.035
907,0.48,0.2825,0.2375
908,0.1175,0.7275,0.155
909,0.31,0.34,0.35
910,0.5475,0.1525,0.3
911,0.3375,0.4075,0.255
912,0.315,0.3225,0.3625
913,0.5575,0.32,0.1225
914,0.0825,0.615,0.3025
915,0.285,0.285,0.43
916,0.27,0.73,0.0
917,0.1675,0.3125,0.52
918,0.515,0.19,0.295
919,0.59875,0.21125,0.19
920,0.455,0.28,0.265
921,0.2325,0.1875,0.58
922,0.24,0.3175,0.4425
923,0.0075,0.955,0.0375
924,0.305,0.2575,0.4375
925,0.5525,0.37,0.0775
926,0.4725,0.525,0.0025
927,0.6275,0.205,0.1675
928,0.1375,0.03,0.8325
929,0.41,0.3325,0.2575
930,0.17,0.2875,0.5425
931,0.7883333333333333,0.14166666666666666,0.07
932,0.87,0.0375,0.0925
933,0.23,0.5675,0.2025
934,0.195,0.6975,0.1075
935,0.355,0.645,0.0
936,0.2075,0.345,0.4475
937,0.2375,0.7425,0.02
938,0.06,0.6775,0.2625
939,0.2075,0.5425,0.25
940,0.5575,0.1625,0.28
941,0.5625,0.3425,0.095
942,0.435,0.525,0.04
943,0.0925,0.34,0.5675
944,0.54,0.3325,0.1275
945,0.395,0.355,0.25
946,0.4175,0.5775,0.005
947,0.3325,0.49,0.1775
948,0.2225,0.0625,0.715
949,0.0725,0.2925,0.635
950,0.8125,0.175,0.0125
951,0.5225,0.32,0.1575
952,0.2375,0.545,0.2175
953,0.24,0.205,0.555
954,0.61,0.135,0.255
955,0.39,0.3625,0.2475
956,0.3625,0.4425,0.195
957,0.315,0.535,0.15
958,0.8575,0.1025,0.04
959,0.51,0.2925,0.1975
960,0.3658333333333333,0.40666666666666673,0.2275
961,0.0575,0.1025,0.84
962,0.3225,0.26,0.4175
963,0.2475,0.56,0.1925
964,0.3575,0.175,0.4675
965,0.4075,0.33,0.2625
966,0.2375,0.1975,0.565
967,0.3625,0.12,0.5175
968,0.400625,0.411875,0.1875
969,0.2075,0.3,0.4925
970,0.2575,0.3875,0.355
971,0.5125,0.4225,0.065
972,0.3825,0.37,0.2475
973,0.2725,0.2375,0.49
974,0.255,0.53,0.215
975,0.1525,0.3975,0.45
976,0.34,0.255,0.405
977,0.2275,0.3975,0.375
978,0.2675,0.3775,0.355
979,0.2425,0.4025,0.355
980,0.225,0.19,0.585
981,0.2625,0.2675,0.47
982,0.595,0.23,0.175
983,0.2325,0.2175,0.55
984,0.3675,0.2175,0.415
985,0.3725,0.3225,0.305
986,0.33,0.505,0.165
987,0.435,0.5625,0.0025
988,0.215,0.44,0.345
989,0.495,0.105,0.4
990,0.3125,0.3025,0.385
991,0.4,0.265,0.335
992,0.37,0.325,0.305
993,0.4825,0.38,0.1375
994,0.4116666666666666,0.44583333333333336,0.1425
995,0.765,0.1375,0.0975
996,0.33,0.3725,0.2975
997,0.82,0.0675,0.1125
998,0.485,0.185,0.33
999,0.2375,0.2975,0.465
1000,0.025,0.245,0.73
1001,0.015,0.38,0.605
1002,0.355,0.4225,0.2225
1003,0.19,0.19,0.62
1004,0.445,0.3175,0.2375
1005,0.285,0.1675,0.5475
1006,0.3625,0.27,0.3675
1007,0.5325,0.1125,0.355
1008,0.3575,0.385,0.2575
1009,0.1925,0.64,0.1675
1010,0.3325,0.6525,0.015
1011,0.5625,0.2625,0.175
1012,0.32,0.635,0.045
1013,0.63,0.2275,0.1425
1014,0.23,0.3975,0.3725
1015,0.7825,0.1775,0.04
1016,0.2325,0.325,0.4425
1017,0.435,0.4375,0.1275
1018,0.17,0.68,0.15
1019,0.3825,0.3375,0.28
1020,0.2425,0.41275,0.34475
1021,0.275,0.2325,0.4925
1022,0.51,0.08,0.41
1023,0.4475,0.1975,0.355
1024,0.2575,0.3475,0.395
1025,0.2625,0.19,0.5475
1026,0.12,0.2725,0.6075
1027,0.4025,0.34,0.2575
1028,0.1525,0.3675,0.48
1029,0.4975,0.28,0.2225
1030,0.51,0.2775,0.2125
1031,0.3925,0.4325,0.175
1032,0.7475,0.24,0.0125
1033,0.2975,0.185,0.5175
1034,0.435,0.23,0.335
1035,0.3725,0.255,0.3725
1036,0.43,0.4225,0.1475
1037,0.1875,0.425,0.3875
1038,0.6225,0.25,0.1275
1039,0.8775,0.0675,0.055
1040,0.665,0.2075,0.1275
1041,0.2075,0.0925,0.7
1042,0.325,0.365,0.31
1043,0.515,0.465,0.02
1044,0.4975,0.3275,0.175
1045,0.5325,0.3025,0.165
1046,0.226875,0.428125,0.345
1047,0.2225,0.1125,0.665
1048,0.02,0.1475,0.8325
1049,0.1575,0.4675,0.375
1050,0.1325,0.225,0.6425
1051,0.125,0.36,0.515
1052,0.3075,0.3925,0.3
1053,0.3375,0.3975,0.265
1054,0.1575,0.35,0.4925
1055,0.485,0.125,0.39
1056,0.16,0.07,0.77
1057,0.385,0.485,0.13
1058,0.115,0.8675,0.0175
1059,0.1525,0.205,0.6425
1060,0.2925,0.7075,0.0
1061,0.5,0.09,0.41
1062,0.12,0.455,0.425
1063,0.58,0.39,0.03
1064,0.18,0.1275,0.6925
1065,0.0375,0.2525,0.71
1066,0.4575,0.2525,0.29
1067,0.0875,0.1575,0.755
1068,0.43,0.29,0.28
1069,0.4425,0.185,0.3725
1070,0.075,0.795,0.13
1071,0.555,0.395,0.05
1072,0.5525,0.22,0.2275
1073,0.2825,0.3525,0.365
1074,0.1125,0.205,0.6825
1075,0.2675,0.725,0.0075
1076,0.3175,0.6825,0.0
1077,0.295,0.345,0.36
1078,0.3275,0.105,0.5675
1079,0.3396666666666666,0.5403333333333333,0.12
1080,0.33,0.34,0.33
1081,0.53,0.335,0.135
1082,0.42,0.2825,0.2975
1083,0.59,0.205,0.205
1084,0.6925,0.1875,0.12
1085,0.8075,0.095,0.0975
1086,0.3975,0.6,0.0025
1087,0.6,0.2075,0.1925
1088,0.18,0.595,0.225
1089,0.175,0.265,0.56
1090,0.14,0.5425,0.3175
1091,0.18,0.195,0.625
1092,0.5075,0.3625,0.13
1093,0.685,0.2525,0.0625
1094,0.765,0.0575,0.1775
1095,0.035,0.22,0.745
1096,0.2775,0.225,0.4975
1097,0.43,0.255,0.315
1098,0.485,0.5125,0.0025
1099,0.275,0.5,0.225
1100,0.4575,0.2375,0.305
1101,0.1925,0.415,0.3925
1102,0.4425,0.3475,0.21
1103,0.3025,0.2275,0.47
1104,0.465,0.16,0.375
1105,0.1425,0.5925,0.265
1106,0.165,0.2375,0.5975
1107,0.3,0.4975,0.2025
1108,0.405,0.595,0.0
1109,0.1275,0.0975,0.775
1110,0.145,0.2325,0.6225
1111,0.655,0.3225,0.0225
1112,0.6975,0.1425,0.16
1113,0.2825,0.23,0.4875
1114,0.3925,0.545,0.0625
1115,0.0175,0.3725,0.61
1116,0.5675,0.3175,0.115
1117,0.2475,0.7525,0.0
1118,0.2725,0.295,0.4325
1119,0.215,0.29,0.495
1120,0.2475,0.3725,0.38
1121,0.17,0.33,0.5
1122,0.5183333333333333,0.27166666666666667,0.21
1123,0.3,0.2625,0.4375
1124,0.415,0.345,0.24
1125,0.415,0.5225,0.0625
1126,0.155,0.84,0.005
1127,0.4975,0.3125,0.19
1128,0.23,0.395,0.375
1129,0.4475,0.19,0.3625
1130,0.1725,0.3825,0.445
1131,0.6925,0.2525,0.055
1132,0.5875,0.15,0.2625
1133,0.3975,0.375,0.2275
1134,0.5625,0.185,0.2525
1135,0.3875,0.61,0.0025
1136,0.455,0.4325,0.1125
1137,0.1025,0.1625,0.735
1138,0.3225,0.67,0.0075
1139,0.4725,0.355,0.1725
1140,0.0425,0.3875,0.57
1141,0.2925,0.2825,0.425
1142,0.0375,0.1025,0.86
1143,0.44,0.27,0.29
1144,0.32,0.0625,0.6175
1145,0.165,0.185,0.65
1146,0.155,0.24,0.605
1147,0.48,0.3125,0.2075
1148,0.38,0.165,0.455
1149,0.5175,0.4575,0.025
1150,0.475,0.5125,0.0125
1151,0.7125,0.08,0.2075
1152,0.775,0.1525,0.0725
1153,0.56,0.1925,0.2475
1154,0.385,0.395,0.22
1155,0.34,0.225,0.435
1156,0.3525,0.33,0.3175
1157,0.225,0.3225,0.4525
1158,0.115,0.09,0.795
1159,0.3125,0.4325,0.255
1160,0.5975,0.195,0.2075
1161,0.5725,0.2675,0.16
1162,0.36979166666666663,0.5177083333333333,0.1125
1163,0.1375,0.24,0.6225
1164,0.35,0.33,0.32
1165,0.325,0.665,0.01
1166,0.0575,0.195,0.7475
1167,0.105,0.305,0.59
1168,0.3,0.3525,0.3475
1169,0.5225,0.2725,0.205
1170,0.4575,0.465,0.0775
1171,0.38,0.355,0.265
1172,0.1825,0.1725,0.645
1173,0.095,0.1425,0.7625
1174,0.325,0.29,0.385
1175,0.335,0.185,0.48
1176,0.1025,0.4075,0.49
1177,0.5775,0.1,0.3225
1178,0.43,0.47,0.1
1179,0.315,0.2925,0.3925
1180,0.04,0.63,0.33
1181,0.16,0.59,0.25
1182,0.2975,0.5225,0.18
1183,0.43,0.3675,0.2025
1184,0.1825,0.4125,0.405
1185,0.15,0.365,0.485
1186,0.4325,0.215,0.3525
1187,0.115,0.865,0.02
1188,0.145,0.285,0.57
1189,0.2075,0.0925,0.7
1190,0.3825,0.0925,0.525
1191,0.4125,0.445,0.1425
1192,0.48,0.2,0.32
1193,0.4075,0.3325,0.26
1194,0.5625,0.2575,0.18
1195,0.4325,0.3275,0.24
1196,0.53,0.265,0.205
1197,0.4375,0.165,0.3975
1198,0.7575,0.2225,0.02
1199,0.2625,0.3175,0.42
1200,0.395,0.195,0.41
1201,0.445,0.2325,0.3225
1202,0.2575,0.3525,0.39
1203,0.255,0.725,0.02
1204,0.4775,0.3875,0.135
1205,0.2875,0.3825,0.33
1206,0.685,0.2475,0.0675
1207,0.415,0.3125,0.2725
1208,0.6475,0.21,0.1425
1209,0.5325,0.2675,0.2
1210,0.18,0.5175,0.3025
1211,0.3625,0.105,0.5325
1212,0.325,0.26,0.415
1213,0.2225,0.3875,0.39
1214,0.28,0.565,0.155
1215,0.0375,0.2775,0.685
1216,0.0175,0.1075,0.875
1217,0.1225,0.2325,0.645
1218,0.6775,0.23,0.0925
1219,0.2725,0.255,0.4725
1220,0.135,0.8275,0.0375
1221,0.14,0.85,0.01
1222,0.2725,0.3,0.4275
1223,0.275,0.2825,0.4425
1224,0.3875,0.345,0.2675
1225,0.2625,0.52,0.2175
1226,0.415,0.2125,0.3725
1227,0.12,0.8725,0.0075
1228,0.2725,0.2058333333333333,0.5216666666666666
1229,0.095,0.08,0.825
1230,0.3375,0.2525,0.41
1231,0.725,0.2,0.075
1232,0.2175,0.355,0.4275
1233,0.2125,0.405,0.3825
1234,0.115,0.5825,0.3025
1235,0.445,0.4,0.155
1236,0.3175,0.435,0.2475
1237,0.37,0.53,0.1
1238,0.0775,0.815,0.1075
1239,0.2275,0.2275,0.545
1240,0.38,0.575,0.045
1241,0.545,0.3375,0.1175
1242,0.25,0.2925,0.4575
1243,0.53,0.2575,0.2125
1244,0.2425,0.54,0.2175
1245,0.4275,0.1725,0.4
1246,0.515,0.465,0.02
1247,0.3375,0.275,0.3875
1248,0.4,0.575,0.025
1249,0.3425,0.3825,0.275
1250,0.365,0.2975,0.3375
1251,0.42,0.28,0.3
1252,0.1025,0.075,0.8225
1253,0.2025,0.2025,0.595
1254,0.255,0.1725,0.5725
1255,0.295,0.3275,0.3775
1256,0.4225,0.21,0.3675
1257,0.19,0.235,0.575
1258,0.0225,0.02,0.9575
1259,0.5925,0.3325,0.075
1260,0.54,0.23,0.23
1261,0.3675,0.3775,0.255
1262,0.455,0.5275,0.0175
1263,0.335,0.48,0.185
1264,0.2425,0.425,0.3325
1265,0.2925,0.2425,0.465
1266,0.395,0.3425,0.2625
1267,0.075,0.2175,0.7075
1268,0.3625,0.1975,0.44
1269,0.3725,0.45,0.1775
1270,0.1175,0.3,0.5825
1271,0.525,0.1575,0.3175
1272,0.3475,0.205,0.4475
1273,0.215,0.7475,0.0375
1274,0.38,0.4,0.22
1275,0.6075,0.0825,0.31
1276,0.2125,0.2025,0.585
1277,0.36,0.235,0.405
1278,0.1425,0.3375,0.52
1279,0.3025,0.2125,0.485
1280,0.3575,0.2675,0.375
1281,0.235,0.3625,0.4025
1282,0.2575,0.7425,0.0
1283,0.1525,0.4,0.4475
1284,0.4775,0.2125,0.31
1285,0.365,0.5675,0.0675
1286,0.455,0.545,0.0
1287,0.31,0.29,0.4
1288,0.5225,0.205,0.2725
1289,0.615,0.38,0.005
1290,0.24,0.205,0.555
1291,0.05249404761904763,0.9225059523809525,0.025
1292,0.125,0.5575,0.3175
1293,0.4175,0.5775,0.005
1294,0.4575,0.4375,0.105
1295,0.0025,0.9225,0.075
1296,0.5525,0.2275,0.22
1297,0.1275,0.155,0.7175
1298,0.4275,0.365,0.2075
1299,0.8925,0.05,0.0575
1300,0.59,0.1825,0.2275
1301,0.265,0.365,0.37
1302,0.655,0.1875,0.1575
1303,0.2175,0.56,0.2225
1304,0.2875,0.3375,0.375
1305,0.27,0.3625,0.3675
1306,0.775,0.1625,0.0625
1307,0.29,0.4325,0.2775
1308,0.6675,0.1,0.2325
1309,0.5525,0.4425,0.005
1310,0.5175,0.2775,0.205
1311,0.13,0.74,0.13
1312,0.84625,0.10375,0.05
1313,0.0225,0.1875,0.79
1314,0.065,0.18,0.755
1315,0.0025,0.13,0.8675
1316,0.47,0.3825,0.1475
1317,0.5225,0.1825,0.295
1318,0.4125,0.3675,0.22
1319,0.0925,0.0875,0.82
1320,0.2891666666666667,0.34333333333333327,0.3675
1321,0.3825,0.2075,0.41
1322,0.2625,0.0925,0.645
1323,0.055,0.2625,0.6825
1324,0.6925,0.175,0.1325
1325,0.41875,0.23375,0.3475
1326,0.4275,0.365,0.2075
1327,0.46,0.4375,0.1025
1328,0.25,0.3625,0.3875
1329,0.6325,0.21,0.1575
1330,0.1675,0.31,0.5225
1331,0.2475,0.6,0.1525
1332,0.28,0.5325,0.1875
1333,0.485,0.32,0.195
1334,0.19,0.4175,0.3925
1335,0.1975,0.675,0.1275
1336,0.2475,0.4825,0.27
1337,0.5575,0.4425,0.0
1338,0.295,0.15,0.555
1339,0.22,0.7725,0.0075
1340,0.5875,0.135,0.2775
1341,0.335,0.38,0.285
1342,0.2325,0.7525,0.015
1343,0.3775,0.3525,0.27
1344,0.7,0.2525,0.0475
1345,0.0525,0.085,0.8625
1346,0.0775,0.315,0.6075
1347,0.2575,0.3225,0.42
1348,0.025,0.055,0.92
1349,0.275,0.3825,0.3425
1350,0.28,0.2925,0.4275
1351,0.6475,0.1825,0.17
1352,0.4425,0.2625,0.295
1353,0.0025,0.075,0.9225
1354,0.3239583333333333,0.36354166666666665,0.3125
1355,0.3575,0.3225,0.32
1356,0.1775,0.14,0.6825
1357,0.665,0.265,0.07
1358,0.25,0.6,0.15
1359,0.2125,0.35,0.4375
1360,0.05,0.6175,0.3325
1361,0.06,0.9375,0.0025
1362,0.225,0.255,0.52
1363,0.3725,0.5575,0.07
1364,0.375,0.0325,0.5925
1365,0.5625,0.28,0.1575
1366,0.11,0.21,0.68
1367,0.3325,0.0525,0.615
1368,0.7575,0.15,0.0925
1369,0.465,0.175,0.36
1370,0.98,0.015,0.005
1371,0.485,0.3275,0.1875
1372,0.21,0.3175,0.4725
1373,0.555,0.425,0.02
1374,0.3925,0.345,0.2625
1375,0.28,0.13,0.59
1376,0.41,0.37,0.22
1377,0.255,0.33,0.415
1378,0.645,0.215,0.14
1379,0.1575,0.56,0.2825
1380,0.4357142857142857,0.36928571428571433,0.195
1381,0.245,0.2525,0.5025
1382,0.2075,0.1925,0.6
1383,0.3275,0.315,0.3575
1384,0.4325,0.2675,0.3
1385,0.3075,0.4425,0.25
1386,0.2475,0.24,0.5125
1387,0.1425,0.675,0.1825
1388,0.125,0.09,0.785
1389,0.39,0.29,0.32
1390,0.205,0.1575,0.6375
1391,0.19,0.106875,0.703125
1392,0.1825,0.3775,0.44
1393,0.4475,0.18,0.3725
1394,0.4975,0.2925,0.21
1395,0.6775,0.275,0.0475
1396,0.2475,0.715,0.0375
1397,0.375,0.315,0.31
1398,0.0025,0.005,0.9925
1399,0.42,0.22,0.36
1400,0.4525,0.37,0.1775
1401,0.15,0.365,0.485
1402,0.4425,0.2675,0.29
1403,0.4325,0.26,0.3075
1404,0.16,0.245,0.595
1405,0.01,0.185,0.805
1406,0.1075,0.2175,0.675
1407,0.29,0.3875,0.3225
1408,0.3375,0.5775,0.085
1409,0.6225,0.3775,0.0
1410,0.1925,0.7775,0.03
1411,0.15,0.7025,0.1475
1412,0.5375,0.345,0.1175
1413,0.39,0.61,0.0
1414,0.2775,0.6475,0.075
1415,0.2225,0.515,0.2625
1416,0.1925,0.18,0.6275
1417,0.3575,0.2925,0.35
1418,0.3875,0.27,0.3425
1419,0.085,0.1175,0.7975
1420,0.4125,0.4475,0.14
1421,0.3475,0.6,0.0525
1422,0.38,0.185,0.435
1423,0.39,0.3975,0.2125
1424,0.685,0.2225,0.0925
1425,0.2925,0.1425,0.565
1426,0.105,0.2925,0.6025
1427,0.255,0.2625,0.4825
1428,0.335,0.465,0.2
1429,0.2675,0.5,0.2325
1430,0.325,0.3425,0.3325
1431,0.395,0.3625,0.2425
1432,0.4275,0.1875,0.385
1433,0.12,0.8725,0.0075
1434,0.3525,0.3425,0.305
1435,0.125,0.495,0.38
1436,0.06,0.0725,0.8675
1437,0.025,0.92,0.055
1438,0.225,0.53,0.245
1439,0.565,0.1275,0.3075
1440,0.385,0.405,0.21
1441,0.6425,0.3575,0.0
1442,0.2725,0.2675,0.46
1443,0.34450000000000003,0.3005,0.355
1444,0.255,0.3775,0.3675
1445,0.475,0.295,0.23
1446,0.115,0.565,0.32
1447,0.61,0.3875,0.0025
1448,0.76,0.1325,0.1075
1449,0.4725,0.2275,0.3
1450,0.4025,0.305,0.2925
1451,0.3825,0.2475,0.37
1452,0.405,0.2825,0.3125
1453,0.065,0.21,0.725
1454,0.41,0.215,0.375
1455,0.24,0.575,0.185
1456,0.27,0.54,0.19
1457,0.2075,0.76,0.0325
1458,0.7675,0.205,0.0275
1459,0.4075,0.39,0.2025
1460,0.3025,0.3575,0.34
1461,0.865,0.0875,0.0475
1462,0.4025,0.2375,0.36
1463,0.365,0.2125,0.4225
1464,0.3225,0.205,0.4725
1465,0.0325,0.3525,0.615
1466,0.5775,0.3025,0.12
1467,0.57,0.29,0.14
1468,0.4525,0.3,0.2475
1469,0.4525,0.2325,0.315
1470,0.3575,0.3525,0.29
1471,0.15,0.6325,0.2175
1472,0.04,0.26,0.7
1473,0.8325,0.105,0.0625
1474,0.355,0.555,0.09
1475,0.4375,0.3275,0.235
1476,0.2425,0.24,0.5175
1477,0.3625,0.18,0.4575
1478,0.5233333333333333,0.23916666666666667,0.2375
1479,0.315,0.445,0.24
1480,0.635,0.1725,0.1925
1481,0.185,0.7375,0.0775
1482,0.3675,0.2375,0.395
1483,0.3375,0.27,0.3925
1484,0.2475,0.59,0.1625
1485,0.195,0.7975,0.0075
1486,0.17,0.2325,0.5975
1487,0.365,0.58,0.055
1488,0.385,0.245,0.37
1489,0.06,0.205,0.735
1490,0.0,0.145,0.855
1491,0.2925,0.21,0.4975
1492,0.2425,0.145,0.6125
1493,0.7625,0.1175,0.12
1494,0.1825,0.3325,0.485
1495,0.4925,0.4975,0.01
1496,0.545,0.1675,0.2875
1497,0.435,0.175,0.39
1498,0.35,0.39,0.26
1499,0.425,0.2725,0.3025
1500,0.465625,0.204375,0.33
1501,0.0825,0.11,0.8075
1502,0.275,0.3375,0.3875
1503,0.4975,0.255,0.2475
1504,0.35,0.59,0.06
1505,0.4366666666666667,0.25333333333333335,0.31
1506,0.3775,0.36,0.2625
1507,0.1275,0.505,0.3675
1508,0.1725,0.7875,0.04
1509,0.6075,0.39,0.0025
1510,0.0925,0.6,0.3075
1511,0.215,0.4025,0.3825
1512,0.295,0.4425,0.2625
1513,0.295,0.5775,0.1275
1514,0.335,0.27,0.395
1515,0.22,0.34,0.44
1516,0.1975,0.795,0.0075
1517,0.0975,0.3225,0.58
1518,0.0675,0.03,0.9025
1519,0.8325,0.0675,0.1
1520,0.1625,0.1475,0.69
1521,0.4775,0.34,0.1825
1522,0.5875,0.285,0.1275
1523,0.61,0.245,0.145
1524,0.1275,0.0925,0.78
1525,0.38,0.4575,0.1625
1526,0.0375,0.6225,0.34
1527,0.46,0.2825,0.2575
1528,0.23,0.185,0.585
1529,0.045,0.615,0.34
1530,0.3,0.33,0.37
1531,0.325,0.435,0.24
1532,0.5225,0.2575,0.22
1533,0.035,0.415,0.55
1534,0.2525,0.1775,0.57
1535,0.6175,0.3375,0.045
1536,0.325,0.6525,0.0225
1537,0.265,0.4,0.335
1538,0.2575,0.3125,0.43
1539,0.09,0.1475,0.7625
1540,0.2375,0.395,0.3675
1541,0.035,0.0275,0.9375
1542,0.2825,0.33,0.3875
1543,0.4875,0.5025,0.01
1544,0.3075,0.6925,0.0
1545,0.105,0.68,0.215
1546,0.46,0.34,0.2
1547,0.44,0.3225,0.2375
1548,0.44,0.2075,0.3525
1549,0.15,0.0975,0.7525
1550,0.3625,0.2075,0.43
1551,0.4075,0.4075,0.185
1552,0.2425,0.3825,0.375
1553,0.13,0.2375,0.6325
1554,0.0275,0.1075,0.865
1555,0.245,0.38,0.375
1556,0.3475,0.6525,0.0
1557,0.36,0.405,0.235
1558,0.5075,0.3075,0.185
1559,0.3175,0.2625,0.42
1560,0.3025,0.5,0.1975
1561,0.295,0.3425,0.3625
1562,0.4925,0.225,0.2825
1563,0.375,0.215,0.41
1564,0.315,0.335,0.35
1565,0.03,0.3675,0.6025
1566,0.5475,0.1,0.3525
1567,0.4425,0.3425,0.215
1568,0.8925,0.0575,0.05
1569,0.4225,0.3175,0.26
1570,0.425,0.5475,0.0275
1571,0.3075,0.2975,0.395
1572,0.565,0.285,0.15
1573,0.2725,0.665,0.0625
1574,0.2075,0.3375,0.455
1575,0.4475,0.5525,0.0
1576,0.3575,0.4075,0.235
1577,0.1075,0.24,0.6525
1578,0.2775,0.49,0.2325
1579,0.1,0.445,0.455
1580,0.2075,0.305,0.4875
1581,0.0175,0.94,0.0425
1582,0.3425,0.5825,0.075
1583,0.2475,0.25,0.5025
1584,0.63,0.3075,0.0625
1585,0.335,0.3875,0.2775
1586,0.135,0.86,0.005
1587,0.03,0.5225,0.4475
1588,0.6775,0.1525,0.17
1589,0.7575,0.215,0.0275
1590,0.3375,0.66,0.0025
1591,0.705,0.1825,0.1125
1592,0.2825,0.4675,0.25
1593,0.3375,0.25,0.4125
1594,0.5525,0.3025,0.145
1595,0.4125,0.2925,0.295
1596,0.4725,0.2025,0.325
1597,0.325,0.2775,0.3975
1598,0.285,0.2275,0.4875
1599,0.0025,0.005,0.9925
1600,0.3575,0.41,0.2325
1601,0.3075,0.385,0.3075
1602,0.8375,0.095,0.0675
1603,0.4325,0.4925,0.075
1604,0.5025,0.4975,0.0
1605,0.25,0.23,0.52
1606,0.375,0.2975,0.3275
1607,0.0,0.13,0.87
1608,0.26,0.3425,0.3975
1609,0.5875,0.2525,0.16
1610,0.3075,0.3225,0.37
1611,0.23,0.3975,0.3725
1612,0.455,0.3675,0.1775
1613,0.6225,0.24,0.1375
1614,0.3275,0.4225,0.25
1615,0.3875,0.3625,0.25
1616,0.3,0.4,0.3
1617,0.5975,0.2425,0.16
1618,0.2575,0.5425,0.2
1619,0.35,0.535,0.115
1620,0.25,0.4,0.35
1621,0.605,0.26,0.135
1622,0.43,0.26,0.31
1623,0.1175,0.4075,0.475
1624,0.1225,0.8775,0.0
1625,0.3575,0.4475,0.195
1626,0.4975,0.3125,0.19
1627,0.185,0.24,0.575
1628,0.4375,0.5475,0.015
1629,0.0675,0.1925,0.74
1630,0.21,0.5375,0.2525
1631,0.4975,0.305,0.1975
1632,0.5625,0.1825,0.255
1633,0.33,0.465,0.205
1634,0.525,0.205,0.27
1635,0.385,0.475,0.14
1636,0.1675,0.56,0.2725
1637,0.4525,0.31,0.2375
1638,0.2225,0.3175,0.46
1639,0.2575,0.2775,0.465
1640,0.4125,0.45,0.1375
1641,0.2,0.41,0.39
1642,0.3025,0.2175,0.48
1643,0.1075,0.7075,0.185
1644,0.4025,0.2975,0.3
1645,0.3925,0.34,0.2675
1646,0.47,0.3075,0.2225
1647,0.7675,0.2275,0.005
1648,0.1275,0.515,0.3575
1649,0.6275,0.3075,0.065
1650,0.5725,0.1875,0.24
1651,0.1825,0.26,0.5575
1652,0.1275,0.2325,0.64
1653,0.1025,0.21,0.6875
1654,0.345,0.605,0.05
1655,0.3025,0.2175,0.48
1656,0.4087083333333333,0.19879166666666667,0.3925
1657,0.3425,0.2675,0.39
1658,0.3125,0.275,0.4125
1659,0.265,0.195,0.54
1660,0.32,0.57,0.11
1661,0.145,0.41,0.445
1662,0.3275,0.465,0.2075
1663,0.3625,0.325,0.3125
1664,0.33,0.6675,0.0025
1665,0.3625,0.2625,0.375
1666,0.295,0.6875,0.0175
1667,0.2275,0.7275,0.045
1668,0.3875,0.2875,0.325
1669,0.4225,0.5025,0.075
1670,0.6825,0.11,0.2075
1671,0.4525,0.225,0.3225
1672,0.395,0.335,0.27
1673,0.36,0.5075,0.1325
1674,0.2225,0.1975,0.58
1675,0.13,0.1975,0.6725
1676,0.4975,0.34,0.1625
1677,0.39,0.61,0.0
1678,0.3125,0.3075,0.38
1679,0.455,0.5225,0.0225
1680,0.27,0.28,0.45
1681,0.2,0.38,0.42
1682,0.42,0.5775,0.0025
1683,0.7475,0.2525,0.0
1684,0.4875,0.3825,0.13
1685,0.4045833333333333,0.34791666666666665,0.2475
1686,0.1675,0.115,0.7175
1687,0.38,0.33,0.29
1688,0.1925,0.25,0.5575
1689,0.415,0.24,0.345
1690,0.3525,0.2525,0.395
1691,0.075,0.24350000000000002,0.6815000000000001
1692,0.3175,0.2425,0.44
1693,0.265,0.405,0.33
1694,0.26,0.4575,0.2825
1695,0.1075,0.56,0.3325
1696,0.5525,0.255,0.1925
1697,0.1625,0.545,0.2925
1698,0.2225,0.23,0.5475
1699,0.365,0.1975,0.4375
1700,0.2125,0.43,0.3575
1701,0.3925,0.25,0.3575
1702,0.1725,0.425,0.4025
1703,0.4275,0.3675,0.205
1704,0.38,0.2,0.42
1705,0.1475,0.405,0.4475
1706,0.34,0.1425,0.5175
1707,0.62,0.255,0.125
1708,0.1725,0.12,0.7075
1709,0.2525,0.41,0.3375
1710,0.5725,0.1675,0.26
1711,0.1975,0.6575,0.145
1712,0.1725,0.23,0.5975
1713,0.525,0.375,0.1
1714,0.9475,0.0275,0.025
1715,0.6725,0.2925,0.035
1716,0.36,0.64,0.0
1717,0.2825,0.2975,0.42
1718,0.535,0.26,0.205
1719,0.0025,0.3375,0.66
1720,0.6025,0.13,0.2675
1721,0.5,0.2175,0.2825
1722,0.64,0.195,0.165
1723,0.0175,0.1675,0.815
1724,0.4175,0.175,0.4075
1725,0.0025,0.0125,0.985
1726,0.535,0.3175,0.1475
1727,0.1525,0.3,0.5475
1728,0.2525,0.5425,0.205
1729,0.41,0.55,0.04
1730,0.19,0.2875,0.5225
1731,0.425,0.3325,0.2425
1732,0.135,0.7925,0.0725
1733,0.2,0.46,0.34
1734,0.39,0.4875,0.1225
1735,0.2425,0.3025,0.455
1736,0.0925,0.3175,0.59
1737,0.4575,0.33,0.2125
1738,0.1675,0.1125,0.72
1739,0.1875,0.3775,0.435
1740,0.0625,0.045,0.8925
1741,0.4025,0.3725,0.225
1742,0.485,0.39,0.125
1743,0.425,0.3425,0.2325
1744,0.4525,0.28,0.2675
1745,0.3175,0.5375,0.145
1746,0.325,0.5025,0.1725
1747,0.205,0.1875,0.6075
1748,0.32,0.3775,0.3025
1749,0.2825,0.23,0.4875
1750,0.4075,0.41,0.1825
1751,0.2475,0.27,0.4825
1752,0.1275,0.2575,0.615
1753,0.2175,0.29,0.4925
1754,0.5775,0.19,0.2325
1755,0.44,0.3425,0.2175
1756,0.36,0.5525,0.0875
1757,0.03,0.0575,0.9125
1758,0.225,0.605,0.17
1759,0.835,0.1075,0.0575
1760,0.32625,0.23875,0.435
1761,0.22,0.21,0.57
1762,0.3275,0.165,0.5075
1763,0.26,0.3975,0.3425
1764,0.3025,0.3725,0.325
1765,0.575,0.4025,0.0225
1766,0.33,0.44,0.23
1767,0.1275,0.36,0.5125
1768,0.5225,0.355,0.1225
1769,0.4575,0.335,0.2075
1770,0.3425,0.125,0.5325
1771,0.035,0.12,0.845
1772,0.3425,0.2875,0.37
1773,0.2475,0.5625,0.19
1774,0.34,0.315,0.345
1775,0.6725,0.215,0.1125
1776,0.6325,0.1375,0.23
1777,0.8425,0.11,0.0475
1778,0.285,0.06,0.655
1779,0.3575,0.2175,0.425
1780,0.335,0.325,0.34
1781,0.285,0.3675,0.3475
1782,0.3325,0.41,0.2575
1783,0.39,0.3875,0.2225
1784,0.4075,0.2525,0.34
1785,0.4125,0.2475,0.34
1786,0.4625,0.335,0.2025
1787,0.345,0.575,0.08
1788,0.2725,0.7275,0.0
1789,0.23,0.23,0.54
1790,0.13,0.39,0.48
1791,0.4225,0.28,0.2975
1792,0.44,0.56,0.0
1793,0.41,0.2225,0.3675
1794,0.64,0.1225,0.2375
1795,0.1225,0.55,0.3275
1796,0.1275,0.275,0.5975
1797,0.2775,0.3425,0.38
1798,0.2325,0.565,0.2025
1799,0.245,0.575,0.18
1800,0.075,0.185,0.74
1801,0.31,0.3075,0.3825
1802,0.2125,0.6925,0.095
1803,0.365,0.22,0.415
1804,0.255,0.485,0.26
1805,0.4575,0.3475,0.195
1806,0.4575,0.32,0.2225
1807,0.37,0.25,0.38
1808,0.035,0.11,0.855
1809,0.3775,0.2125,0.41
1810,0.12,0.2525,0.6275
1811,0.5359791666666666,0.2440208333333333,0.22
1812,0.4175,0.4425,0.14
1813,0.2225,0.4125,0.365
1814,0.0325,0.2375,0.73
1815,0.18,0.3925,0.4275
1816,0.2625,0.3675,0.37
1817,0.07,0.9025,0.0275
1818,0.72,0.1725,0.1075
1819,0.265,0.5125,0.2225
1820,0.4425,0.4375,0.12
1821,0.8775,0.0675,0.055
1822,0.25,0.4775,0.2725
1823,0.3425,0.6125,0.045
1824,0.185,0.2,0.615
1825,0.9175,0.055,0.0275
1826,0.055,0.065,0.88
1827,0.38,0.2825,0.3375
1828,0.17,0.205,0.625
1829,0.2075,0.3175,0.475
1830,0.6775,0.2575,0.065
1831,0.1825,0.635,0.1825
1832,0.73,0.17,0.1
1833,0.325,0.1125,0.5625
1834,0.3075,0.3,0.3925
1835,0.615,0.3375,0.0475
1836,0.6075,0.17,0.2225
1837,0.245,0.1425,0.6125
1838,0.2625,0.3125,0.425
1839,0.18,0.04,0.78
1840,0.3575,0.2,0.4425
1841,0.2,0.48,0.32
1842,0.53,0.1875,0.2825
1843,0.17,0.4775,0.3525
1844,0.1425,0.66,0.1975
1845,0.0275,0.265,0.7075
1846,0.395,0.2675,0.3375
1847,0.62,0.12,0.26
1848,0.2425,0.73,0.0275
1849,0.38749999999999996,0.2525,0.36
1850,0.2375,0.3175,0.445
1851,0.4175,0.58,0.0025
1852,0.24,0.7175,0.0425
1853,0.345,0.5,0.155
1854,0.2175,0.35,0.4325
1855,0.2525,0.185,0.5625
1856,0.7475,0.235,0.0175
1857,0.745,0.1725,0.0825
1858,0.4725,0.365,0.1625
1859,0.1675,0.83,0.0025
1860,0.285,0.265,0.45
1861,0.715,0.14,0.145
1862,0.4725,0.2975,0.23
1863,0.495,0.4,0.105
1864,0.12,0.15,0.73
1865,0.29,0.4575,0.2525
1866,0.175,0.2975,0.5275
1867,0.4775,0.1725,0.35
1868,0.18,0.16,0.66
1869,0.345,0.43,0.225
1870,0.7375,0.1675,0.095
1871,0.3825,0.31,0.3075
1872,0.165,0.1625,0.6725
1873,0.2525,0.2725,0.475
1874,0.2925,0.4975,0.21
1875,0.3275,0.41,0.2625
1876,0.3475,0.1675,0.485
1877,0.4875,0.1925,0.32
1878,0.6675,0.0675,0.265
1879,0.1725,0.23,0.5975
1880,0.4825,0.3125,0.205
1881,0.0725,0.2625,0.665
1882,0.375,0.1375,0.4875
1883,0.3425,0.3175,0.34
1884,0.29,0.1875,0.5225
1885,0.25,0.235,0.515
1886,0.685,0.22,0.095
1887,0.37,0.2025,0.4275
1888,0.14,0.855,0.005
1889,0.315,0.23,0.455
1890,0.57,0.235,0.195
1891,0.085,0.3475,0.5675
1892,0.345,0.345,0.31
1893,0.545,0.1275,0.3275
1894,0.4225,0.225,0.3525
1895,0.48166666666666663,0.28583333333333333,0.2325
1896,0.2275,0.1325,0.64
1897,0.12,0.3275,0.5525
1898,0.3225,0.1925,0.485
1899,0.2525,0.7425,0.005
1900,0.4475,0.2475,0.305
1901,0.1525,0.27,0.5775
1902,0.1975,0.2275,0.575
1903,0.17,0.8225,0.0075
1904,0.14,0.3,0.56
1905,0.435,0.5075,0.0575
1906,0.0375,0.1025,0.86
1907,0.3425,0.315,0.3425
1908,0.375,0.4775,0.1475
1909,0.22,0.585,0.195
1910,0.11,0.295,0.595
1911,0.785,0.1625,0.0525
1912,0.3475,0.3575,0.295
1913,0.2225,0.2025,0.575
1914,0.32,0.38,0.3
1915,0.135,0.305,0.56
1916,0.7925,0.1575,0.05
1917,0.3025,0.6975,0.0
1918,0.43,0.545,0.025
1919,0.01,0.5325,0.4575
1920,0.095,0.1975,0.7075
1921,0.305,0.3225,0.3725
1922,0.2725,0.17875,0.54875
1923,0.2825,0.3625,0.355
1924,0.485,0.27,0.245
1925,0.3425,0.3875,0.27
1926,0.23,0.3975,0.3725
1927,0.0425,0.495,0.4625
1928,0.3225,0.265,0.4125
1929,0.1275,0.8625,0.01
1930,0.1375,0.2175,0.645
1931,0.4075,0.475,0.1175
1932,0.83,0.04,0.13
1933,0.3,0.3325,0.3675
1934,0.1325,0.2675,0.6
1935,0.795,0.1675,0.0375
1936,0.1625,0.095,0.7425
1937,0.185,0.375,0.44
1938,0.6075,0.245,0.1475
1939,0.3675,0.33,0.3025
1940,0.0,0.26,0.74
1941,0.135,0.0675,0.7975
1942,0.3875,0.24,0.3725
1943,0.05249404761904763,0.9225059523809525,0.025
1944,0.615,0.155,0.23
1945,0.2375,0.1625,0.6
1946,0.2975,0.43,0.2725
1947,0.135,0.255,0.61
1948,0.885,0.04,0.075
1949,0.0,0.39,0.61
1950,0.145,0.465,0.39
1951,0.3675,0.265,0.3675
1952,0.1725,0.6,0.2275
1953,0.5175,0.1575,0.325
1954,0.7625,0.215,0.0225
1955,0.355,0.2325,0.4125
1956,0.445,0.5475,0.0075
1957,0.525,0.205,0.27
1958,0.04,0.58,0.38
1959,0.4075,0.34,0.2525
1960,0.5775,0.395,0.0275
1961,0.05,0.5725,0.3775
1962,0.461934523809524,0.528065476190476,0.01
1963,0.425,0.1375,0.4375
1964,0.2725,0.165,0.5625
1965,0.559,0.32099999999999995,0.12
1966,0.7425,0.24,0.0175
1967,0.2075,0.47,0.3225
1968,0.455,0.285,0.26
1969,0.415,0.3075,0.2775
1970,0.0125,0.06,0.9275
1971,0.145,0.3475,0.5075
1972,0.047494047619047616,0.9525059523809525,0.0
1973,0.1675,0.63,0.2025
1974,0.37,0.4775,0.1525
1975,0.1575,0.23,0.6125
1976,0.49,0.1825,0.3275
1977,0.2775,0.3175,0.405
1978,0.8025,0.1075,0.09
1979,0.4875,0.3575,0.155
1980,0.475,0.3775,0.1475
1981,0.725,0.275,0.0
1982,0.2075,0.3375,0.455
1983,0.2783333333333333,0.3341666666666667,0.3875
1984,0.195,0.2775,0.5275
1985,0.2725,0.3175,0.41
1986,0.2225,0.505,0.2725
1987,0.105,0.2675,0.6275
1988,0.2525,0.235,0.5125
1989,0.17,0.51,0.32
1990,0.2125,0.705,0.0825
1991,0.525,0.21,0.265
1992,0.4725,0.185,0.3425
1993,0.33,0.6375,0.0325
1994,0.42,0.365,0.215
1995,0.22,0.4625,0.3175
1996,0.2575,0.3225,0.42
1997,0.43,0.185,0.385
1998,0.395,0.25,0.355
1999,0.1525,0.225,0.6225
2000,0.02,0.7,0.28
2001,0.215,0.3725,0.4125
2002,0.745,0.17,0.085
2003,0.275,0.525,0.2
2004,0.2625,0.42,0.3175
2005,0.2475,0.345,0.4075
2006,0.0725,0.1475,0.78
2007,0.385,0.31,0.305
2008,0.1225,0.3625,0.515
2009,0.7275,0.135,0.1375
2010,0.3775,0.5775,0.045
2011,0.6925,0.1025,0.205
2012,0.3075,0.31,0.3825
2013,0.2425,0.335,0.4225
2014,0.5125,0.1175,0.37
2015,0.2925,0.26,0.4475
2016,0.1475,0.1625,0.69
2017,0.045,0.3475,0.6075
2018,0.1325,0.38,0.4875
2019,0.425,0.4225,0.1525
2020,0.3125,0.3475,0.34
2021,0.1875,0.275,0.5375
2022,0.12,0.3725,0.5075
2023,0.22,0.2725,0.5075
2024,0.135,0.0925,0.7725
2025,0.3775,0.445,0.1775
2026,0.5425,0.4125,0.045
2027,0.8125,0.1275,0.06
2028,0.2775,0.195,0.5275
2029,0.2475,0.665,0.0875
2030,0.345,0.3425,0.3125
2031,0.2475,0.3125,0.44
2032,0.345,0.4175,0.2375
2033,0.2975,0.4825,0.22
2034,0.29,0.23,0.48
2035,0.2825,0.5275,0.19
2036,0.25,0.7425,0.0075
2037,0.4125,0.2925,0.295
2038,0.1225,0.165,0.7125
2039,0.4975,0.32,0.1825
2040,0.2475,0.6275,0.125
2041,0.3475,0.4525,0.2
2042,0.33,0.175,0.495
2043,0.63,0.1025,0.2675
2044,0.47,0.4025,0.1275
2045,0.28,0.385,0.335
2046,0.2875,0.3125,0.4
2047,0.45,0.3075,0.2425
2048,0.2875,0.3575,0.355
2049,0.4475,0.235,0.3175
2050,0.2475,0.06,0.6925
2051,0.1975,0.1975,0.605
2052,0.015,0.015,0.97
2053,0.3125,0.3175,0.37
2054,0.195,0.34,0.465
2055,0.275,0.35,0.375
2056,0.32,0.3725,0.3075
2057,0.05,0.1175,0.8325
2058,0.25,0.685,0.065
2059,0.1025,0.1525,0.745
2060,0.465,0.3825,0.1525
2061,0.3775,0.4025,0.22
2062,0.125,0.5725,0.3025
2063,0.3475,0.3075,0.345
2064,0.2125,0.0675,0.72
2065,0.68,0.2075,0.1125
2066,0.4925,0.2775,0.23
2067,0.4,0.3225,0.2775
2068,0.29,0.245,0.465
2069,0.58,0.165,0.255
2070,0.0375,0.0875,0.875
2071,0.17,0.665,0.165
2072,0.7340625,0.1784375,0.0875
2073,0.2175,0.295,0.4875
2074,0.4525,0.1625,0.385
2075,0.4975,0.2075,0.295
2076,0.015,0.1675,0.8175
2077,0.2825,0.4375,0.28
2078,0.315,0.2375,0.4475
2079,0.48,0.33,0.19
2080,0.21,0.205,0.585
2081,0.355,0.535,0.11
2082,0.4125,0.4025,0.185
2083,0.2425,0.5325,0.225
2084,0.225,0.1825,0.5925
2085,0.5925,0.2,0.2075
2086,0.2625,0.3675,0.37
2087,0.115,0.155,0.73
2088,0.2125,0.2175,0.57
2089,0.2175,0.31,0.4725
2090,0.3925,0.365,0.2425
2091,0.4725,0.1825,0.345
2092,0.3775,0.2225,0.4
2093,0.2675,0.21,0.5225
2094,0.2975,0.1275,0.575
2095,0.13,0.1825,0.6875
2096,0.4725,0.5175,0.01
2097,0.5275,0.2425,0.23
2098,0.54,0.4575,0.0025
2099,0.1175,0.415,0.4675
2100,0.32,0.315,0.365
2101,0.555,0.3275,0.1175
2102,0.4475,0.245,0.3075
2103,0.105,0.5225,0.3725
2104,0.225,0.474375,0.300625
2105,0.4875,0.16,0.3525
2106,0.0675,0.0525,0.88
2107,0.425,0.565,0.01
2108,0.4175,0.535,0.0475
2109,0.1775,0.2375,0.585
2110,0.0375,0.1175,0.845
2111,0.3275,0.37,0.3025
2112,0.52,0.1425,0.3375
2113,0.0425,0.09125,0.86625
2114,0.3325,0.18,0.4875
2115,0.3525,0.58,0.0675
2116,0.5675,0.2225,0.21
2117,0.0925,0.7125,0.195
2118,0.35,0.65,0.0
2119,0.1575,0.455,0.3875
2120,0.2475,0.745,0.0075
2121,0.3575,0.62,0.0225
2122,0.255,0.1375,0.6075
2123,0.33125,0.50625,0.1625
2124,0.09,0.2375,0.6725
2125,0.3425,0.2625,0.395
2126,0.085,0.4125,0.5025
2127,0.29,0.41,0.3
2128,0.2175,0.3275,0.455
2129,0.6075,0.2025,0.19
2130,0.32,0.145,0.535
2131,0.18,0.3175,0.5025
2132,0.4275,0.4325,0.14
2133,0.045,0.0725,0.8825
2134,0.2075,0.215,0.5775
2135,0.525,0.175,0.3
2136,0.4325,0.365,0.2025
2137,0.245,0.14,0.615
2138,0.4075,0.31,0.2825
2139,0.2225,0.2875,0.49
2140,0.0675,0.6375,0.295
2141,0.5125,0.2925,0.195
2142,0.29,0.4575,0.2525
2143,0.395,0.3125,0.2925
2144,0.125,0.875,0.0
2145,0.3,0.695,0.005
2146,0.7025,0.22,0.0775
2147,0.37,0.495,0.135
2148,0.7925,0.18,0.0275
2149,0.4475,0.235,0.3175
2150,0.2125,0.495,0.2925
2151,0.3025,0.5325,0.165
2152,0.4025,0.275,0.3225
2153,0.15,0.2825,0.5675
2154,0.2425,0.465,0.2925
2155,0.6675,0.2175,0.115
2156,0.52375,0.32875,0.1475
2157,0.3725,0.42,0.2075
2158,0.8875,0.0425,0.07
2159,0.495,0.27,0.235
2160,0.24,0.3425,0.4175
2161,0.38,0.295,0.325
2162,0.075,0.1025,0.8225
2163,0.355,0.22,0.425
2164,0.35,0.1625,0.4875
2165,0.3825,0.185,0.4325
2166,0.185,0.22,0.595
2167,0.71,0.2125,0.0775
2168,0.41,0.3,0.29
2169,0.7075,0.2025,0.09
2170,0.33,0.39,0.28
2171,0.1575,0.275,0.5675
2172,0.135,0.7925,0.0725
2173,0.285,0.33,0.385
2174,0.1775,0.2775,0.545
2175,0.1325,0.5325,0.335
2176,0.15,0.4725,0.3775
2177,0.11,0.21,0.68
2178,0.4,0.2525,0.3475
2179,0.455,0.235,0.31
2180,0.3025,0.165,0.5325
2181,0.25,0.7325,0.0175
2182,0.2075,0.5525,0.24
2183,0.47,0.3275,0.2025
2184,0.53,0.44,0.03
2185,0.5525,0.32,0.1275
2186,0.5925,0.3025,0.105
2187,0.135,0.3675,0.4975
2188,0.4775,0.2375,0.285
2189,0.27,0.255,0.475
2190,0.8625,0.1275,0.01
2191,0.2875,0.7075,0.005
2192,0.11,0.205,0.685
2193,0.135,0.3275,0.5375
2194,0.2025,0.185,0.6125
2195,0.7375,0.1975,0.065
2196,0.2625,0.34,0.3975
2197,0.5425,0.455,0.0025
2198,0.4675,0.4575,0.075
2199,0.475,0.5225,0.0025
2200,0.3675,0.4425,0.19
2201,0.09,0.14,0.77
2202,0.1075,0.215,0.6775
2203,0.6825,0.2175,0.1
2204,0.3525,0.2725,0.375
2205,0.4125,0.38,0.2075
2206,0.5225,0.475,0.0025
2207,0.0725,0.5725,0.355
2208,0.52,0.2525,0.2275
2209,0.49,0.505,0.005
2210,0.2225,0.29,0.4875
2211,0.2175,0.1975,0.585
2212,0.2275,0.335,0.4375
2213,0.0275,0.59,0.3825
2214,0.0375,0.38,0.5825
2215,0.7,0.13,0.17
2216,0.635,0.2375,0.1275
2217,0.5375,0.18,0.2825
2218,0.4975,0.22,0.2825
2219,0.285,0.3475,0.3675
2220,0.605,0.2725,0.1225
2221,0.08,0.155,0.765
2222,0.1325,0.1375,0.73
2223,0.24,0.275,0.485
2224,0.5025,0.31,0.1875
2225,0.13,0.7225,0.1475
2226,0.6725,0.14,0.1875
2227,0.2325,0.25,0.5175
2228,0.37,0.3125,0.3175
2229,0.245,0.1225,0.6325
2230,0.2525,0.1175,0.63
2231,0.46,0.3475,0.1925
2232,0.5975,0.1675,0.235
2233,0.2645357142857143,0.6254642857142858,0.11
2234,0.445,0.1725,0.3825
2235,0.28,0.465,0.255
2236,0.1625,0.8375,0.0
2237,0.3125,0.6825,0.005
2238,0.4225,0.09,0.4875
2239,0.605,0.19,0.205
2240,0.0925,0.5825,0.325
2241,0.13,0.405,0.465
2242,0.78,0.155,0.065
2243,0.22,0.1725,0.6075
2244,0.4475,0.1725,0.38
2245,0.355,0.365,0.28
2246,0.18,0.3575,0.4625
2247,0.37,0.15,0.48
2248,0.2125,0.3875,0.4
2249,0.29,0.32,0.39
2250,0.2675,0.2075,0.525
2251,0.2875,0.32,0.3925
2252,0.385,0.17,0.445
2253,0.38,0.1725,0.4475
2254,0.2175,0.46,0.3225
2255,0.43,0.5625,0.0075
2256,0.13,0.31,0.56
2257,0.3125,0.2175,0.47
2258,0.4825,0.17,0.3475
2259,0.6275,0.3725,0.0
2260,0.0325,0.6025,0.365
2261,0.125,0.5225,0.3525
2262,0.82,0.0975,0.0825
2263,0.0275,0.425,0.5475
2264,0.33,0.2625,0.4075
2265,0.36,0.3125,0.3275
2266,0.3325,0.51,0.1575
2267,0.06,0.2875,0.6525
2268,0.3875,0.285,0.3275
2269,0.1375,0.345,0.5175
2270,0.33,0.1875,0.4825
2271,0.4325,0.5425,0.025
2272,0.1525,0.11,0.7375
2273,0.0175,0.0975,0.885
2274,0.22,0.39,0.39
2275,0.3225,0.2425,0.435
2276,0.3625,0.335,0.3025
2277,0.225,0.335,0.44
2278,0.6525,0.16,0.1875
2279,0.305,0.34,0.355
2280,0.4025,0.25,0.3475
2281,0.4175,0.2,0.3825
2282,0.2325,0.3625,0.405
2283,0.04,0.0375,0.9225
2284,0.765,0.235,0.0
2285,0.2525,0.0975,0.65
2286,0.135,0.1025,0.7625
2287,0.3875,0.6,0.0125
2288,0.8575,0.1275,0.015
2289,0.1575,0.3,0.5425
2290,0.2375,0.245,0.5175
2291,0.2075,0.415,0.3775
2292,0.125,0.2425,0.6325
2293,0.585,0.2,0.215
2294,0.02,0.115,0.865
2295,0.225,0.3525,0.4225
2296,0.30375,0.21625,0.48
2297,0.595,0.175,0.23
2298,0.55,0.2475,0.2025
2299,0.2225,0.315,0.4625
2300,0.5175,0.2825,0.2
2301,0.185,0.1725,0.6425
2302,0.24,0.3825,0.3775
2303,0.805,0.1175,0.0775
2304,0.2375,0.5075,0.255
2305,0.415,0.4525,0.1325
2306,0.305,0.225,0.47
2307,0.435,0.555,0.01
2308,0.26,0.3675,0.3725
2309,0.215,0.3575,0.4275
2310,0.2575,0.31,0.4325
2311,0.125,0.7425,0.1325
2312,0.2675,0.3275,0.405
2313,0.4075,0.46,0.1325
2314,0.285,0.4525,0.2625
2315,0.11,0.48,0.41
2316,0.1525,0.4025,0.445
2317,0.3825,0.28,0.3375
2318,0.6175,0.2925,0.09
2319,0.07,0.07,0.86
2320,0.28,0.23,0.49
2321,0.6275,0.155,0.2175
2322,0.34,0.25,0.41
2323,0.34,0.185,0.475
2324,0.24,0.3175,0.4425
2325,0.575,0.2825,0.1425
2326,0.17,0.8225,0.0075
2327,0.7075,0.0625,0.23
2328,0.205,0.3175,0.4775
2329,0.6375,0.1825,0.18
2330,0.51,0.475,0.015
2331,0.42,0.3225,0.2575
2332,0.635,0.065,0.3
2333,0.7175,0.2575,0.025
2334,0.4625,0.2625,0.275
2335,0.185,0.4325,0.3825
2336,0.8,0.0875,0.1125
2337,0.305,0.1425,0.5525
2338,0.185,0.1275,0.6875
2339,0.3325,0.53,0.1375
2340,0.485,0.475,0.04
2341,0.165,0.565,0.27
2342,0.6775,0.2125,0.11
2343,0.265,0.175,0.56
2344,0.345,0.4025,0.2525
2345,0.43,0.5275,0.0425
2346,0.6875,0.2175,0.095
2347,0.2025,0.2175,0.58
2348,0.375,0.365,0.26
2349,0.3425,0.3,0.3575
2350,0.26,0.185,0.555
2351,0.31,0.4075,0.2825
2352,0.3075,0.2625,0.43
2353,0.3075,0.4325,0.26
2354,0.6675,0.2025,0.13
2355,0.245,0.2575,0.4975
2356,0.365,0.2025,0.4325
2357,0.645,0.3075,0.0475
2358,0.35,0.3075,0.3425
2359,0.0925,0.895,0.0125
2360,0.2375,0.2025,0.56
2361,0.4475,0.2125,0.34
2362,0.27,0.2125,0.5175
2363,0.6025,0.0825,0.315
2364,0.1825,0.795,0.0225
2365,0.19,0.6875,0.1225
2366,0.455,0.355,0.19
2367,0.31,0.475,0.215
2368,0.3075,0.345,0.3475
2369,0.3325,0.2325,0.435
2370,0.4475,0.2075,0.345
2371,0.2775,0.3875,0.335
2372,0.1675,0.7025,0.13
2373,0.2225,0.24,0.5375
2374,0.335,0.3475,0.3175
2375,0.325,0.1975,0.4775
2376,0.2425,0.21,0.5475
2377,0.2825,0.695,0.0225
2378,0.1625,0.225,0.6125
2379,0.375,0.18,0.445
2380,0.565,0.005,0.43
2381,0.51,0.18,0.31
2382,0.5075,0.4925,0.0
2383,0.185,0.1975,0.6175
2384,0.365,0.0825,0.5525
2385,0.2525,0.375,0.3725
2386,0.22,0.4575,0.3225
2387,0.2625,0.345,0.3925
2388,0.6275,0.365,0.0075
2389,0.405,0.5875,0.0075
2390,0.255,0.635,0.11
2391,0.1425,0.225,0.6325
2392,0.27,0.325,0.405
2393,0.225,0.7225,0.0525
2394,0.2825,0.7125,0.005
2395,0.4425,0.2125,0.345
2396,0.17,0.36,0.47
2397,0.3525,0.3275,0.32
2398,0.3075,0.38,0.3125
2399,0.2025,0.26,0.5375
2400,0.5875,0.27,0.1425
2401,0.1725,0.39,0.4375
2402,0.095,0.105,0.8
2403,0.75625,0.18625,0.0575
2404,0.5285714285714286,0.29892857142857143,0.1725
2405,0.55,0.36,0.09
2406,0.165,0.815,0.02
2407,0.335,0.305,0.36
2408,0.0,0.0,1.0
2409,0.13,0.22,0.65
2410,0.365,0.3425,0.2925
2411,0.235,0.4225,0.3425
2412,0.26754166666666657,0.6249583333333334,0.1075
2413,0.6975,0.145,0.1575
2414,0.4675,0.2575,0.275
2415,0.085,0.705,0.21
2416,0.7525,0.1975,0.05
2417,0.2325,0.76,0.0075
2418,0.605,0.235,0.16
2419,0.6175,0.3175,0.065
2420,0.46,0.28,0.26
2421,0.43,0.32,0.25
2422,0.2875,0.5625,0.15
2423,0.3225,0.6675,0.01
2424,0.365,0.275,0.36
2425,0.31,0.235,0.455
2426,0.085,0.4,0.515
2427,0.4175,0.265,0.3175
2428,0.245,0.1325,0.6225
2429,0.66,0.2375,0.1025
2430,0.3075,0.1375,0.555
2431,0.0025,0.015,0.9825
2432,0.3125,0.4525,0.235
2433,0.3125,0.46,0.2275
2434,0.1225,0.125,0.7525
2435,0.2025,0.31,0.4875
2436,0.9175,0.055,0.0275
2437,0.1525,0.445,0.4025
2438,0.6325,0.255,0.1125
2439,0.2175,0.425,0.3575
2440,0.245,0.595,0.16
2441,0.485,0.5125,0.0025
2442,0.24,0.325,0.435
2443,0.395,0.3475,0.2575
2444,0.35,0.425,0.225
2445,0.4675,0.4225,0.11
2446,0.485,0.39,0.125
2447,0.2025,0.54,0.2575
2448,0.065,0.165,0.77
2449,0.2825,0.34,0.3775
2450,0.43,0.3425,0.2275
2451,0.3375,0.4675,0.195
2452,0.6775,0.1975,0.125
2453,0.4375,0.2625,0.3
2454,0.41,0.56,0.03
2455,0.5425,0.21,0.2475
2456,0.21,0.17,0.62
2457,0.69,0.225,0.085
2458,0.34,0.35,0.31
2459,0.4375,0.045,0.5175
2460,0.2675,0.465,0.2675
2461,0.505,0.495,0.0
2462,0.2425,0.2075,0.55
2463,0.69,0.14,0.17
2464,0.2925,0.52,0.1875
2465,0.385,0.1925,0.4225
2466,0.5925,0.1425,0.265
2467,0.3525,0.2675,0.38
2468,0.55,0.3425,0.1075
2469,0.7775,0.205,0.0175
2470,0.5725,0.3475,0.08
2471,0.2025,0.1825,0.615
2472,0.1475,0.6875,0.165
2473,0.21,0.1825,0.6075
2474,0.4675,0.2075,0.325
2475,0.1725,0.335,0.4925
2476,0.565,0.4275,0.0075
2477,0.59,0.1275,0.2825
2478,0.6625,0.2075,0.13
2479,0.1375,0.1425,0.72
2480,0.2875,0.2525,0.46
2481,0.1725,0.4758333333333333,0.3516666666666666
2482,0.075,0.08,0.845
2483,0.4225,0.28,0.2975
2484,0.2725,0.17,0.5575
2485,0.3525,0.5875,0.06
2486,0.45,0.225,0.325
2487,0.685,0.23,0.085
2488,0.2,0.3375,0.4625
2489,0.4675,0.44,0.0925
2490,0.3025,0.1825,0.515
2491,0.3,0.6975,0.0025
2492,0.34,0.425,0.235
2493,0.625,0.3425,0.0325
2494,0.4975,0.1425,0.36
2495,0.545,0.21,0.245
2496,0.4125,0.215,0.3725
2497,0.49,0.3575,0.1525
2498,0.305,0.485,0.21
2499,0.17,0.3975,0.4325
2500,0.285,0.3475,0.3675
2501,0.0625,0.3875,0.55
2502,0.2725,0.25,0.4775
2503,0.5075,0.2975,0.195
2504,0.225,0.385,0.39
2505,0.2325,0.4025,0.365
2506,0.24,0.2175,0.5425
2507,0.2,0.46,0.34
2508,0.32,0.4075,0.2725
2509,0.475,0.245,0.28
2510,0.64,0.165,0.195
2511,0.14,0.1975,0.6625
2512,0.46017857142857144,0.3798214285714286,0.16
2513,0.345,0.1675,0.4875
2514,0.205,0.3675,0.4275
2515,0.8075,0.1275,0.065
2516,0.08,0.3575,0.5625
2517,0.3275,0.2625,0.41
2518,0.43,0.265,0.305
2519,0.0975,0.7725,0.13
2520,0.4275,0.435,0.1375
2521,0.0775,0.1975,0.725
2522,0.665,0.0475,0.2875
2523,0.2625,0.1575,0.58
2524,0.0375,0.2475,0.715
2525,0.4575,0.5425,0.0
2526,0.3425,0.385,0.2725
2527,0.0225,0.0875,0.89
2528,0.2875,0.4,0.3125
2529,0.235,0.37,0.395
2530,0.675,0.245,0.08
2531,0.245,0.205,0.55
2532,0.3325,0.23,0.4375
2533,0.56,0.3875,0.0525
2534,0.355,0.635,0.01
2535,0.3625,0.4,0.2375
2536,0.4375,0.0875,0.475
2537,0.1825,0.3475,0.47
2538,0.355,0.36,0.285
2539,0.085,0.195,0.72
2540,0.595,0.215,0.19
2541,0.0425,0.205,0.7525
2542,0.2975,0.7025,0.0
2543,0.34,0.195,0.465
2544,0.25,0.4275,0.3225
2545,0.1875,0.345,0.4675
2546,0.155,0.1775,0.6675
2547,0.7275,0.12,0.1525
2548,0.1725,0.1025,0.725
2549,0.685,0.1675,0.1475
2550,0.565,0.425,0.01
2551,0.525,0.2775,0.1975
2552,0.135,0.285,0.58
2553,0.475,0.305,0.22
2554,0.4575,0.2975,0.245
2555,0.45,0.17,0.38
2556,0.2875,0.71,0.0025
2557,0.3275,0.42,0.2525
2558,0.48,0.245,0.275
2559,0.145,0.6075,0.2475
2560,0.4575,0.2875,0.255
2561,0.2675,0.3825,0.35
2562,0.1825,0.2075,0.61
2563,0.155,0.115,0.73
2564,0.215,0.185,0.6
2565,0.0425,0.12,0.8375
2566,0.6625,0.1325,0.205
2567,0.365,0.6325,0.0025
2568,0.255,0.2725,0.4725
2569,0.7275,0.2025,0.07
2570,0.4825,0.4475,0.07
2571,0.3375,0.2875,0.375
2572,0.375,0.3175,0.3075
2573,0.4325,0.2225,0.345
2574,0.505,0.13,0.365
2575,0.35,0.385,0.265
2576,0.285,0.5675,0.1475
2577,0.66,0.2675,0.0725
2578,0.565,0.28,0.155
2579,0.18,0.2625,0.5575
2580,0.145,0.515,0.34
2581,0.055,0.2525,0.6925
2582,0.4625,0.375,0.1625
2583,0.6525,0.16,0.1875
2584,0.3775,0.2025,0.42
2585,0.165,0.585,0.25
2586,0.265,0.435,0.3
2587,0.07,0.5275,0.4025
2588,0.89,0.0625,0.0475
2589,0.3675,0.62,0.0125
2590,0.35,0.2675,0.3825
2591,0.4075,0.2925,0.3
2592,0.06,0.21,0.73
2593,0.335,0.39,0.275
2594,0.6925,0.2575,0.05
2595,0.5225,0.2425,0.235
2596,0.49,0.4825,0.0275
2597,0.345,0.315,0.34
2598,0.4675,0.335,0.1975
2599,0.275,0.395,0.33
2600,0.4975,0.365,0.1375
2601,0.285,0.365,0.35
2602,0.345,0.205,0.45
2603,0.7125,0.2275,0.06
2604,0.0325,0.06,0.9075
2605,0.445,0.33,0.225
2606,0.7625,0.1575,0.08
2607,0.1625,0.465,0.3725
2608,0.4175,0.3925,0.19
2609,0.3475,0.6025,0.05
2610,0.4775,0.355,0.1675
2611,0.2925,0.2175,0.49
2612,0.14,0.5325,0.3275
2613,0.97,0.0125,0.0175
2614,0.455,0.29,0.255
2615,0.17,0.115,0.715
2616,0.025,0.14,0.835
2617,0.34,0.095,0.565
2618,0.7733333333333333,0.14666666666666667,0.08
2619,0.19,0.2725,0.5375
2620,0.53,0.435,0.035
2621,0.5625,0.1475,0.29
2622,0.0025,0.035,0.9625
2623,0.1825,0.2725,0.545
2624,0.6325,0.35,0.0175
2625,0.0175,0.2125,0.77
2626,0.34,0.2625,0.3975
2627,0.31,0.4525,0.2375
2628,0.52,0.2325,0.2475
2629,0.3725,0.48,0.1475
2630,0.4575,0.5325,0.01
2631,0.055,0.1575,0.7875
2632,0.31,0.685,0.005
2633,0.55,0.2075,0.2425
2634,0.33,0.335,0.335
2635,0.1525,0.65,0.1975
2636,0.41,0.39,0.2
2637,0.3325,0.335,0.3325
2638,0.3075,0.6925,0.0
2639,0.375,0.355,0.27
2640,0.265,0.2,0.535
2641,0.63,0.17,0.2
2642,0.1475,0.385,0.4675
2643,0.185,0.1975,0.6175
2644,0.3725,0.18,0.4475
2645,0.3725,0.3325,0.295
2646,0.3875,0.385,0.2275
2647,0.4075,0.5525,0.04
2648,0.545,0.3475,0.1075
2649,0.29,0.1875,0.5225
2650,0.3125,0.165,0.5225
2651,0.1675,0.5575,0.275
2652,0.47,0.135,0.395
2653,0.275,0.42,0.305
2654,0.2175,0.1125,0.67
2655,0.4125,0.0625,0.525
2656,0.395,0.305,0.3
2657,0.4725,0.2725,0.255
2658,0.4825,0.23,0.2875
2659,0.0625,0.335,0.6025
2660,0.2575,0.2525,0.49
2661,0.3425,0.4,0.2575
2662,0.1525,0.1,0.7475
2663,0.4125,0.255,0.3325
2664,0.09,0.09,0.82
2665,0.495,0.385,0.12
2666,0.7075,0.22,0.0725
2667,0.5175,0.3075,0.175
2668,0.045,0.1025,0.8525
2669,0.2925,0.3725,0.335
2670,0.0425,0.215,0.7425
2671,0.41,0.23,0.36
2672,0.3825,0.2625,0.355
2673,0.39,0.3875,0.2225
2674,0.33,0.0525,0.6175
2675,0.3825,0.2625,0.355
2676,0.255,0.655,0.09
2677,0.1875,0.2375,0.575
2678,0.3175,0.1925,0.49
2679,0.1725,0.25,0.5775
2680,0.28,0.445,0.275
2681,0.1025,0.2375,0.66
2682,0.09,0.44,0.47
2683,0.4375,0.205,0.3575
2684,0.3325,0.2575,0.41
2685,0.2175,0.3625,0.42
2686,0.22,0.575,0.205
2687,0.405,0.3225,0.2725
2688,0.2525,0.0925,0.655
2689,0.505,0.2075,0.2875
2690,0.4725,0.28,0.2475
2691,0.32,0.51,0.17
2692,0.52,0.325,0.155
2693,0.0225,0.4375,0.54
2694,0.18,0.6125,0.2075
2695,0.365,0.285,0.35
2696,0.3525,0.535,0.1125
2697,0.2675,0.325,0.4075
2698,0.0675,0.1775,0.755
2699,0.4375,0.17,0.3925
2700,0.245,0.235,0.52
2701,0.2525,0.7175,0.03
2702,0.45899999999999996,0.151,0.39
2703,0.365,0.245,0.39
2704,0.3325,0.33,0.3375
2705,0.305,0.2475,0.4475
2706,0.485,0.3875,0.1275
2707,0.35,0.3725,0.2775
2708,0.235,0.125,0.64
2709,0.4075,0.2625,0.33
2710,0.1175,0.5325,0.35
2711,0.17,0.155,0.675
2712,0.6575,0.2525,0.09
2713,0.055,0.0675,0.8775
2714,0.06,0.2675,0.6725
2715,0.235,0.38,0.385
2716,0.55,0.4475,0.0025
2717,0.3775,0.18,0.4425
2718,0.43,0.27,0.3
2719,0.135,0.8475,0.0175
2720,0.37,0.62,0.01
2721,0.035,0.027083333333333334,0.9379166666666667
2722,0.3525,0.42,0.2275
2723,0.355,0.215,0.43
2724,0.3025,0.2625,0.435
2725,0.4425,0.3975,0.16
2726,0.5725,0.0875,0.34
2727,0.38,0.4475,0.1725
2728,0.6375,0.225,0.1375
2729,0.2625,0.73,0.0075
2730,0.485,0.2725,0.2425
2731,0.46,0.1825,0.3575
2732,0.3075,0.625,0.0675
2733,0.0825,0.8525,0.065
2734,0.295,0.555,0.15
2735,0.3875,0.2625,0.35
2736,0.2575,0.675,0.0675
2737,0.2175,0.78,0.0025
2738,0.375,0.44,0.185
2739,0.18,0.635,0.185
2740,0.34,0.425,0.235
2741,0.2425,0.135,0.6225
2742,0.5675,0.2125,0.22
2743,0.42,0.2825,0.2975
2744,0.29,0.3525,0.3575
2745,0.28,0.49,0.23
2746,0.5625,0.25,0.1875
2747,0.14,0.68,0.18
2748,0.37,0.4225,0.2075
2749,0.3725,0.62,0.0075
2750,0.24,0.2075,0.5525
2751,0.45,0.2425,0.3075
2752,0.2225,0.2525,0.525
2753,0.465,0.27,0.265
2754,0.655,0.175,0.17
2755,0.46,0.3225,0.2175
2756,0.3225,0.46,0.2175
2757,0.3375,0.6625,0.0
2758,0.385,0.39,0.225
2759,0.38958333333333334,0.43041666666666667,0.18
2760,0.415,0.3525,0.2325
2761,0.5325,0.305,0.1625
2762,0.2675,0.2975,0.435
2763,0.485,0.2675,0.2475
2764,0.215,0.155,0.63
2765,0.53,0.1675,0.3025
2766,0.4075,0.4025,0.19
2767,0.235,0.385,0.38
2768,0.2325,0.12,0.6475
2769,0.3175,0.47,0.2125
2770,0.2275,0.32,0.4525
2771,0.5225,0.3325,0.145
2772,0.315,0.3625,0.3225
2773,0.2525,0.1475,0.6
2774,0.715,0.2625,0.0225
2775,0.285,0.3875,0.3275
2776,0.27,0.3825,0.3475
2777,0.3825,0.22,0.3975
2778,0.3675,0.305,0.3275
2779,0.2225,0.3125,0.465
2780,0.37,0.6225,0.0075
2781,0.2425,0.345,0.4125
2782,0.4125,0.28,0.3075
2783,0.3025,0.39,0.3075
2784,0.155,0.185,0.66
2785,0.3725,0.2025,0.425
2786,0.2925,0.5575,0.15
2787,0.2175,0.33,0.4525
2788,0.5275,0.325,0.1475
2789,0.39,0.295,0.315
2790,0.0825,0.1725,0.745
2791,0.15,0.8275,0.0225
2792,0.39,0.235,0.375
2793,0.685,0.135,0.18
2794,0.5175,0.1675,0.315
2795,0.3325,0.605,0.0625
2796,0.4025,0.53,0.0675
2797,0.165,0.55,0.285
2798,0.2,0.2875,0.5125
2799,0.2775,0.25,0.4725
2800,0.6275,0.2325,0.14
2801,0.435,0.3825,0.1825
2802,0.1725,0.2375,0.59
2803,0.4775,0.09183333333333334,0.43066666666666664
2804,0.1075,0.1625,0.73
2805,0.33,0.3475,0.3225
2806,0.0275,0.065,0.9075
2807,0.1275,0.335,0.5375
2808,0.0925,0.645,0.2625
2809,0.19,0.1675,0.6425
2810,0.0575,0.3075,0.635
2811,0.44,0.225,0.335
2812,0.715,0.2425,0.0425
2813,0.6925,0.285,0.0225
2814,0.0275,0.4425,0.53
2815,0.7925,0.1125,0.095
2816,0.765,0.205,0.03
2817,0.3525,0.335,0.3125
2818,0.5925,0.4075,0.0
2819,0.08,0.405,0.515
2820,0.2925,0.3075,0.4
2821,0.515,0.255,0.23
2822,0.7425,0.255,0.0025
2823,0.4775,0.5225,0.0
2824,0.1375,0.175,0.6875
2825,0.1675,0.1125,0.72
2826,0.115,0.4525,0.4325
2827,0.9075,0.09,0.0025
2828,0.335,0.17,0.495
2829,0.315,0.23,0.455
2830,0.4175,0.575,0.0075
2831,0.2475,0.29,0.4625
2832,0.02,0.81,0.17
2833,0.2525,0.1675,0.58
2834,0.4325,0.39,0.1775
2835,0.28,0.3475,0.3725
2836,0.3875,0.4875,0.125
2837,0.3075,0.64,0.0525
2838,0.0925,0.0675,0.84
2839,0.0,0.0775,0.9225
2840,0.3325,0.6675,0.0
2841,0.3075,0.69,0.0025
2842,0.58,0.19,0.23
2843,0.38,0.335,0.285
2844,0.2675,0.285,0.4475
2845,0.26,0.3525,0.3875
2846,0.2225,0.57,0.2075
2847,0.3975,0.355,0.2475
2848,0.41,0.4325,0.1575
2849,0.19,0.2875,0.5225
2850,0.2625,0.7325,0.005
2851,0.1925,0.185,0.6225
2852,0.315,0.2525,0.4325
2853,0.4075,0.135,0.4575
2854,0.3475,0.2725,0.38
2855,0.3375,0.2075,0.455
2856,0.5125,0.1775,0.31
2857,0.1475,0.285,0.5675
2858,0.16,0.1075,0.7325
2859,0.63,0.26,0.11
2860,0.3675,0.295,0.3375
2861,0.32,0.675,0.005
2862,0.4175,0.2875,0.295
2863,0.6575,0.1375,0.205
2864,0.06,0.22,0.72
2865,0.13,0.4225,0.4475
2866,0.29,0.3325,0.3775
2867,0.1125,0.31,0.5775
2868,0.805,0.0825,0.1125
2869,0.370875,0.43662500000000004,0.1925
2870,0.21,0.2375,0.5525
2871,0.255,0.2075,0.5375
2872,0.4475,0.17,0.3825
2873,0.31,0.2875,0.4025
2874,0.1525,0.3425,0.505
2875,0.225,0.3525,0.4225
2876,0.325,0.1975,0.4775
2877,0.1925,0.315,0.4925
2878,0.04,0.96,0.0
2879,0.17,0.29,0.54
2880,0.305,0.56,0.135
2881,0.3425,0.195,0.4625
2882,0.4275,0.325,0.2475
2883,0.0575,0.9325,0.01
2884,0.1375,0.1625,0.7
2885,0.4275,0.5625,0.01
2886,0.1325,0.415,0.4525
2887,0.1275,0.3775,0.495
2888,0.1825,0.2825,0.535
2889,0.155,0.3,0.545
2890,0.7375,0.145,0.1175
2891,0.2925,0.58,0.1275
2892,0.4075,0.1725,0.42
2893,0.4275,0.135,0.4375
2894,0.555,0.225,0.22
2895,0.4575,0.215,0.3275
2896,0.395,0.2775,0.3275
2897,0.3725,0.12,0.5075
2898,0.2875,0.535,0.1775
2899,0.53,0.275,0.195
2900,0.06,0.3375,0.6025
2901,0.5325,0.2075,0.26
2902,0.4325,0.1975,0.37
2903,0.635,0.195,0.17
2904,0.6925,0.0825,0.225
2905,0.17,0.3,0.53
2906,0.235,0.3875,0.3775
2907,0.5625,0.43,0.0075
2908,0.035,0.03,0.935
2909,0.1275,0.1575,0.715
2910,0.16,0.1575,0.6825
2911,0.375,0.4825,0.1425
2912,0.45,0.3275,0.2225
2913,0.4575,0.3325,0.21
2914,0.60625,0.24375,0.15
2915,0.6525,0.3475,0.0
2916,0.035,0.965,0.0
2917,0.2725,0.325,0.4025
2918,0.0,0.0275,0.9725
2919,0.2875,0.7025,0.01
2920,0.4075,0.4075,0.185
2921,0.125,0.3275,0.5475
2922,0.425,0.35,0.225
2923,0.34,0.1475,0.5125
2924,0.2475,0.4125,0.34
2925,0.845,0.075,0.08
2926,0.16,0.835,0.005
2927,0.115,0.3825,0.5025
2928,0.24,0.0875,0.6725
2929,0.235,0.415,0.35
2930,0.7425,0.15,0.1075
2931,0.8925,0.08,0.0275
2932,0.1875,0.11,0.7025
2933,0.275,0.3975,0.3275
2934,0.35,0.365,0.285
2935,0.2775,0.165,0.5575
2936,0.3225,0.6775,0.0
2937,0.26,0.4575,0.2825
2938,0.36,0.3275,0.3125
2939,0.4575,0.385,0.1575
2940,0.09,0.41,0.5
2941,0.2175,0.3075,0.475
2942,0.1525,0.235,0.6125
2943,0.095,0.185,0.72
2944,0.3125,0.2375,0.45
2945,0.5254761904761905,0.1945238095238095,0.28
2946,0.1875,0.315,0.4975
2947,0.195,0.135,0.67
2948,0.45,0.45,0.1
2949,0.245,0.3975,0.3575
2950,0.56,0.4225,0.0175
2951,0.5575,0.175,0.2675
2952,0.47,0.285,0.245
2953,0.0725,0.2125,0.715
2954,0.21,0.76,0.03
2955,0.4525,0.3225,0.225
2956,0.17,0.3625,0.4675
2957,0.325,0.1875,0.4875
2958,0.4625,0.4575,0.08
2959,0.07,0.4875,0.4425
