id,revenue
3001,17939089.456666667
3002,2570075.6566666667
3003,16240811.753333334
3004,18509922.11
3005,610981.4666666667
3006,13549473.073333334
3007,2555393.1266666665
3008,73442530.14666666
3009,33573488.18333333
3010,362403486.17
3011,419797.17
3012,961467.4333333333
3013,61527407.77333333
3014,623890.2033333334
3015,35174933.39666667
3016,146669.99666666667
3017,139815418.84666666
3018,182056009.15666667
3019,42343253.083333336
3020,847542846.46
3021,34233893.903333336
3022,41074583.163333334
3023,1630503.9466666668
3024,19160946.08
3025,1133563.4866666666
3026,140365399.28333333
3027,8926549.106666667
3028,71069528.8
3029,421452.0933333333
3030,51490143.833333336
3031,22856024.206666667
3032,8142234.3533333335
3033,635800.1633333333
3034,499643.4166666667
3035,1706892.8133333332
3036,8169158.596666667
3037,82730851.34
3038,60683132.79333334
3039,20849889.01
3040,2883897.1233333335
3041,34610697.98
3042,12285890.896666666
3043,20569781.243333332
3044,3177013.98
3045,402165989.62666667
3046,6060211.193333333
3047,15896059.95
3048,19222921.62
3049,106646148.30666667
3050,38495550.906666666
3051,541964.5366666666
3052,19105724.126666665
3053,149374.27
3054,7396364.016666667
3055,64568700.11666667
3056,550916.4566666667
3057,94390171.62
3058,360909755.31333333
3059,2210616.2733333334
3060,99679341.79666667
3061,83614567.65
3062,174821220.68666667
3063,81435485.87
3064,207712454.81
3065,37277162.81
3066,134117426.4
3067,1750683.22
3068,70143115.49666667
3069,308659123.9866667
3070,7048781.883333334
3071,9925178.47
3072,829830864.4833333
3073,784253.1033333334
3074,1942282.7433333334
3075,31787505.68
3076,203731940.48666668
3077,27307129.916666668
3078,165217035.7
3079,72072809.96333334
3080,154290025.87666667
3081,27130894.423333332
3082,15474129.073333334
3083,5640009.39
3084,801069.8933333333
3085,15632358.02
3086,162952147.34
3087,974091.0366666666
3088,270047.69
3089,378797.1666666667
3090,23661608.17
3091,18727971.336666666
3092,6500675.806666667
3093,208767693.89666668
3094,192875141.91333333
3095,56206284.47333334
3096,4061388.553333333
3097,941826266.14
3098,58968776.906666666
3099,68900052.05666667
3100,3202281.48
3101,19472356.24
3102,6516089.67
3103,3881387.683333333
3104,3721956.68
3105,131897127.80666667
3106,34594563.96333333
3107,55903201.64333333
3108,4728248.106666666
3109,15278992.516666668
3110,409177605.60333335
3111,7381090.156666666
3112,151266.26333333334
3113,5038989.076666667
3114,31863608.956666667
3115,13497894.923333334
3116,13237176.906666666
3117,205015.60666666666
3118,1250055.6466666667
3119,183554739.20333335
3120,120675429.96
3121,7953257.293333333
3122,4655796.726666667
3123,15365222.693333333
3124,4045816.9233333333
3125,1182567.89
3126,48673962.57333333
3127,9421667.176666666
3128,37318134.00333333
3129,273426469.4533333
3130,20013076.6
3131,6999764.153333333
3132,2814248.9033333333
3133,3776575.8733333335
3134,14042473.45
3135,876086.7966666666
3136,5351387.46
3137,156026125.05
3138,1267496.5033333334
3139,23219937.15
3140,101075562.10666667
3141,17815676.286666665
3142,5118830.133333334
3143,201842266.75333333
3144,12798666.223333333
3145,181612731.38333333
3146,3041978.42
3147,14966192.273333333
3148,1379432.4
3149,91516620.91
3150,108862988.21333334
3151,6294510.973333334
3152,18229418.06
3153,2992185.02
3154,8187300.916666667
3155,30824852.786666665
3156,1760131.9
3157,67457267.66666667
3158,107111347.31
3159,12077326.816666666
3160,22265247.95
3161,253189.0
3162,16213172.843333334
3163,168412462.76333332
3164,3166364.3266666667
3165,182109.52666666667
3166,1984750.19
3167,52589769.26
3168,1960594.0933333333
3169,16640367.38
3170,14669265.963333333
3171,125799461.14333333
3172,40007976.31333333
3173,534908.9066666666
3174,2294738.2733333334
3175,18505904.5
3176,42299939.17
3177,68747198.15666667
3178,7841372.25
3179,15496436.026666667
3180,9247461.693333333
3181,568382.5966666667
3182,500657208.69
3183,21241897.06
3184,52858789.52333333
3185,77278992.41333333
3186,90910580.19333333
3187,12375107.15
3188,18794363.523333333
3189,82226040.63
3190,178648451.93333334
3191,19769757.65
3192,18051657.553333335
3193,650571230.8033333
3194,51884250.27
3195,98158.02666666667
3196,9065821.373333333
3197,18454072.616666667
3198,167750390.11666667
3199,343823948.8
3200,6568294.376666667
3201,61098989.45666666
3202,12259019.05
3203,1662716.58
3204,2165176.683333333
3205,2161238.35
3206,13272569.526666667
3207,32624780.333333332
3208,13647088.946666667
3209,6816714.623333333
3210,437933775.50333333
3211,2900492.43
3212,26402777.583333332
3213,59415721.77
3214,5479882.86
3215,3732728.6433333335
3216,4336159.5633333335
3217,381912037.37666667
3218,18265708.676666666
3219,4571015.466666667
3220,194433333.29
3221,5981757.25
3222,3944575.986666667
3223,18320409.25
3224,1651319.1633333333
3225,6333893.273333333
3226,8512508.366666667
3227,60673255.72666667
3228,249632720.51333332
3229,123299461.67
3230,31244658.47
3231,51463756.45666666
3232,16269278.823333334
3233,2182184.1433333335
3234,6409329.576666667
3235,57628546.35333333
3236,386950.0733333333
3237,23132060.64666667
3238,5131347.446666666
3239,421694.0966666667
3240,324326830.29
3241,5071592.573333333
3242,9164287.446666667
3243,5427424.513333334
3244,1417095.5633333332
3245,13883996.976666667
3246,27256419.053333335
3247,18535900.993333332
3248,68283961.41666667
3249,8369470.956666667
3250,375635459.06666666
3251,1611229.2733333334
3252,32106993.64
3253,135385979.52666667
3254,3031453.1933333334
3255,59039.59333333333
3256,33084326.51
3257,6533031.543333333
3258,193671616.98333332
3259,24466376.26333333
3260,1898514.5366666666
3261,708319181.85
3262,26679695.72
3263,2865260.22
3264,219972.72333333333
3265,33485.88
3266,152628.99333333335
3267,23861232.473333333
3268,187583.11333333334
3269,53278256.42333333
3270,87415671.32333334
3271,2948767.3066666666
3272,18863607.23666667
3273,31834158.536666665
3274,411178575.94
3275,29748826.033333335
3276,2720627.763333333
3277,12337995.696666667
3278,104459238.63666667
3279,24545280.936666667
3280,242617394.49
3281,254825.82
3282,3274483.49
3283,296748115.53333336
3284,60364676.97333334
3285,60420437.11333334
3286,1008677.5266666666
3287,4304790.23
3288,18991142.506666668
3289,47886196.29666667
3290,71130780.59
3291,158965412.99
3292,443701151.54
3293,61933649.09
3294,8242118.433333334
3295,4982903.036666667
3296,6337967.733333333
3297,4523699.456666667
3298,62078662.14
3299,8465725.246666666
3300,28374995.86
3301,91103.94
3302,10050157.57
3303,3865935.1266666665
3304,13141482.633333333
3305,101482988.02
3306,207867.78
3307,48957432.02666666
3308,24203202.836666666
3309,7111499.256666667
3310,4576746.446666666
3311,6501295.453333333
3312,25095051.256666668
3313,98614600.80666667
3314,36096046.53666667
3315,144942698.72
3316,16065557.13
3317,2229106.2333333334
3318,4525831.196666666
3319,6631200.913333333
3320,22456003.6
3321,17878743.273333333
3322,17981791.07
3323,327109635.12666667
3324,10607761.526666667
3325,90735025.69666667
3326,279962768.08
3327,90343445.23666666
3328,8363753.506666667
3329,6175661.183333334
3330,181939266.10666665
3331,3361286.276666667
3332,61599140.86666667
3333,380873603.2266667
3334,7649015.303333334
3335,46713438.656666666
3336,17616901.27
3337,76322.12333333334
3338,33849677.52666666
3339,3208773.55
3340,185466688.18333334
3341,12554214.353333334
3342,80931220.62666667
3343,50574694.14666667
3344,547927.0766666667
3345,5675556.683333334
3346,36195502.89666667
3347,337675.18
3348,60133233.17666667
3349,37880619.67666667
3350,308679977.18666667
3351,19055972.206666667
3352,3619376.8466666667
3353,97096926.82666667
3354,9440121.276666667
3355,1696550.1766666668
3356,33373859.66
3357,6601535.43
3358,30017687.68
3359,42691057.00666667
3360,19043209.0
3361,112279036.76333334
3362,15686765.576666666
3363,9238595.61
3364,12282713.356666667
3365,372766.95666666667
3366,101166494.72
3367,134718907.63333333
3368,1990007.3166666667
3369,22499727.16
3370,104845511.97666667
3371,38768469.653333336
3372,64174255.053333335
3373,94653659.16333333
3374,6251389.83
3375,82154148.61
3376,17148857.723333333
3377,11362127.593333334
3378,9416507.043333333
3379,173500130.64333335
3380,32498033.243333332
3381,4301467.97
3382,493425.55
3383,642783.7733333333
3384,34071313.82666667
3385,131206389.40333334
3386,975193.9866666667
3387,1209191.77
3388,145521933.68666667
3389,1249777666.2166667
3390,14890271.733333332
3391,11537684.87
3392,27483140.66
3393,2927099.1633333336
3394,183314823.91333333
3395,163999046.84
3396,16328681.976666667
3397,98768.41333333333
3398,331001465.78
3399,126718723.81333333
3400,13941533.71
3401,2594130.33
3402,1228571.7133333334
3403,215214078.51666668
3404,52581938.28666667
3405,18770274.053333335
3406,265583958.83
3407,171016797.57333332
3408,23881080.39
3409,338568.2033333333
3410,39552445.73
3411,70472845.32333334
3412,2976601.8466666667
3413,32383500.94
3414,3730096.7666666666
3415,21759733.19333333
3416,89262787.53666666
3417,55885214.75
3418,38586842.77333333
3419,439484403.6766667
3420,2214497.3533333335
3421,24305928.153333332
3422,1631460.95
3423,503432316.68
3424,2321793.84
3425,13560197.136666667
3426,23146850.213333335
3427,17686601.916666668
3428,2462065.73
3429,32625261.666666668
3430,982307401.22
3431,5603884.693333333
3432,7499370.95
3433,7513526.566666666
3434,5620222.8533333335
3435,450397931.39
3436,143712654.42666668
3437,14872931.283333333
3438,16762768.366666667
3439,143001005.69
3440,122906065.29333334
3441,101869901.72666667
3442,7065294.6
3443,5038131.8133333335
3444,2403007.8866666667
3445,119763260.23333333
3446,1180831.5133333334
3447,10311722.453333333
3448,14090350.926666666
3449,4539222.483333333
3450,66265651.29666667
3451,29831416.903333332
3452,37959913.14333333
3453,88217988.63333334
3454,13743321.383333333
3455,9856989.456666667
3456,177013129.35666665
3457,27029650.23666667
3458,35875274.123333335
3459,701015830.7733333
3460,18680511.18
3461,12844503.246666666
3462,10288382.156666666
3463,18544681.543333333
3464,475570.3566666667
3465,75281057.28
3466,40251823.876666665
3467,9959551.003333334
3468,142244383.16
3469,39534799.406666666
3470,214513.75
3471,79026567.33666667
3472,2071055.5333333334
3473,71661045.52333333
3474,66657555.86666667
3475,340600780.93
3476,6892344.1866666665
3477,44122800.77
3478,9370490.463333333
3479,245419091.61333334
3480,8341411.373333333
3481,5336728.52
3482,1144539.65
3483,1509502.54
3484,4557088.926666667
3485,64996632.31333333
3486,121054503.94333333
3487,78030553.55
3488,301658098.43333334
3489,9991656.84
3490,19483129.326666668
3491,32084585.39666667
3492,4887267.516666667
3493,37349480.57333333
3494,13515070.456666667
3495,153318683.78666666
3496,4867227.81
3497,37685463.346666664
3498,13583503.003333334
3499,68776319.44333333
3500,1144912.58
3501,130313783.74
3502,70041045.40333334
3503,21947550.716666665
3504,94612943.22
3505,2679643.34
3506,216888988.21666667
3507,380690783.96666664
3508,20430400.52
3509,31399458.803333335
3510,21161182.913333334
3511,87741710.73666666
3512,188614471.11333334
3513,18695159.036666665
3514,13506667.946666667
3515,1342898.18
3516,70284608.95333333
3517,775557249.1133333
3518,18616607.4
3519,8584090.416666666
3520,4008671.5866666664
3521,1478659.03
3522,10932826.93
3523,20279241.663333334
3524,40542438.55
3525,134286846.39333335
3526,25922217.843333334
3527,40115116.843333334
3528,1331225.8733333333
3529,401597878.1533333
3530,30641500.276666667
3531,71214595.12333333
3532,124651899.25333333
3533,41077740.83
3534,47202293.00333333
3535,267912814.44666666
3536,8569058.466666667
3537,68559288.61
3538,208168975.90333334
3539,34057901.34
3540,27798795.67
3541,22468834.33
3542,18625893.48
3543,673620.0233333333
3544,62920212.516666666
3545,1419145.3133333332
3546,6980903.57
3547,113984222.24
3548,444491796.7033333
3549,1044380.6133333333
3550,293104286.20666665
3551,145652981.23333332
3552,96618692.25333333
3553,30164017.55
3554,179160883.00333333
3555,181446089.57666665
3556,43279298.57333333
3557,14014464.056666667
3558,199193950.54
3559,30020571.626666665
3560,18039260.993333332
3561,121978166.81666666
3562,2567226.21
3563,10373641.883333333
3564,773793.3
3565,10645195.213333333
3566,123362995.14333333
3567,22097167.08
3568,5786604.97
3569,151632235.98333332
3570,1474719.5166666666
3571,24871638.55
3572,228531993.24
3573,6270939.6866666665
3574,36848232.656666666
3575,23951296.936666667
3576,26147030.77
3577,31888826.82
3578,264206187.48
3579,34480351.26
3580,34800468.17333333
3581,177038094.44
3582,94814154.98666666
3583,613083.59
3584,43759451.15
3585,39692085.58
3586,33410907.823333334
3587,8749525.49
3588,1205375.2833333334
3589,22803201.58
3590,46122075.3
3591,544599924.5433333
3592,1036221.38
3593,120562.75666666667
3594,14450273.94
3595,9464717.186666667
3596,23653657.54
3597,18793053.4
3598,34762448.36666667
3599,14020827.753333334
3600,6381437.683333334
3601,129375.0
3602,1959716.05
3603,32499447.843333334
3604,4883573.41
3605,96269395.16666667
3606,3222821.486666667
3607,159747760.78333333
3608,149516103.01333332
3609,870028.9166666666
3610,29602896.31
3611,562998.3333333334
3612,13489530.033333333
3613,4709153.946666666
3614,112960672.69666667
3615,71542775.09333333
3616,52896420.61
3617,26124751.48
3618,144333627.87666667
3619,783923.8
3620,182309649.61333334
3621,238850800.49
3622,650897480.3166667
3623,94812135.36
3624,183787.22666666665
3625,1900752.3933333333
3626,19541814.703333333
3627,28983056.116666667
3628,650550613.83
3629,3731069.35
3630,2584635.296666667
3631,59938839.57
3632,63806024.82666667
3633,36069807.48
3634,3214741.776666667
3635,2020776.2
3636,58016240.406666666
3637,1352842.69
3638,17708477.313333333
3639,135601586.16333333
3640,321689944.06333333
3641,3664419.8233333332
3642,1186429.09
3643,12747807.19
3644,1857758.0833333333
3645,18620472.57
3646,5318670.456666667
3647,17344280.893333334
3648,6963636.456666667
3649,8952538.2
3650,33413069.346666668
3651,595921384.0433333
3652,32214427.60333333
3653,291470133.3
3654,10603904.566666666
3655,16321372.313333333
3656,40182251.1
3657,57060.693333333336
3658,7579408.066666666
3659,106506542.89333333
3660,280789443.41
3661,27522394.436666667
3662,30140106.596666668
3663,538260848.9
3664,441192.13666666666
3665,526216.9833333333
3666,11357832.566666666
3667,191233386.43666667
3668,23014771.876666665
3669,1730856.11
3670,63844232.02333333
3671,97444291.98666666
3672,6461864.633333334
3673,158470613.89
3674,16739940.753333334
3675,277324068.12
3676,127176215.8
3677,4862376.8133333335
3678,37631390.48
3679,64405339.486666664
3680,3953156.5933333333
3681,10253009.766666668
3682,160585916.82
3683,2972998.026666667
3684,95646121.20666666
3685,178333800.50666666
3686,6464751.003333333
3687,161843431.46333334
3688,5530121.04
3689,664407.69
3690,138218228.34666666
3691,3260033.3466666667
3692,2802577.28
3693,194606170.43333334
3694,113291305.05666667
3695,125234246.91
3696,59491153.056666665
3697,20124962.016666666
3698,47732337.67666667
3699,9035314.5
3700,36227466.083333336
3701,35459674.513333336
3702,166117.12666666668
3703,104972379.72333333
3704,50114622.99
3705,3512335.216666667
3706,88630272.86666666
3707,1359167.5633333332
3708,5440963.19
3709,244614139.61
3710,42438807.22
3711,2445512.88
3712,50187649.593333334
3713,13420644.83
3714,1436513.3233333332
3715,16950270.526666667
3716,2096734.7866666666
3717,85023.66666666667
3718,5090552.796666667
3719,38066285.20666666
3720,7315829.9366666665
3721,680024.4733333334
3722,139802594.97333333
3723,930617.5966666667
3724,23721284.956666667
3725,47975992.013333336
3726,16857438.69333333
3727,115198973.11333333
3728,204911889.78
3729,28607166.21
3730,102123193.24333334
3731,166317238.56
3732,546530.3066666666
3733,300265240.3066667
3734,223061629.81
3735,9515194.763333334
3736,13965754.863333333
3737,29596803.476666667
3738,326691.7266666667
3739,2538113.8566666665
3740,34709514.44
3741,1855735.65
3742,134067908.4
3743,90788069.74333334
3744,155351981.92333335
3745,42508028.57333333
3746,173304563.24333334
3747,2026977.79
3748,1138552.75
3749,54893062.20666666
3750,6732883.583333333
3751,12835385.72
3752,563358.5733333334
3753,20036227.366666667
3754,30389810.956666667
3755,119119961.99
3756,32304008.233333334
3757,323519494.8333333
3758,132279173.88
3759,8419943.563333333
3760,240194908.29333332
3761,48192305.22
3762,364019759.3233333
3763,5967641.6866666665
3764,39419301.62
3765,5644021.903333333
3766,2211390.12
3767,35117295.983333334
3768,16357940.0
3769,1523148.2233333334
3770,7122156.066666666
3771,37697256.733333334
3772,21282595.043333333
3773,23049997.383333333
3774,21321567.92
3775,177428882.60666665
3776,130462713.88666667
3777,6553139.94
3778,165515.1
3779,26030831.636666667
3780,222760.98333333334
3781,16736206.966666667
3782,2586496.88
3783,23325051.1
3784,9510766.85
3785,409572400.36333334
3786,32281129.296666667
3787,204885865.74666667
3788,597010559.7866666
3789,88030691.74333334
3790,3388839.9633333334
3791,7730488.373333333
3792,159855.97666666665
3793,1832880.7766666666
3794,981219.3833333333
3795,868294779.8166667
3796,6892230.13
3797,34633239.68666667
3798,164226019.09333333
3799,9941302.43
3800,1005397.7433333333
3801,84594166.63
3802,374761.62666666665
3803,18713398.14666667
3804,1281847.6766666668
3805,49148794.97
3806,96518358.66333333
3807,4332498.583333333
3808,1846254.3066666666
3809,19103419.476666667
3810,7969576.856666666
3811,26673027.756666668
3812,4438950.75
3813,815235.0733333334
3814,2440545.9833333334
3815,124032308.74333334
3816,179230239.00333333
3817,198906883.27333334
3818,64088606.24
3819,190799696.36333334
3820,73692041.87333333
3821,70806163.01333334
3822,8106293.796666667
3823,10530179.046666667
3824,1766178.4933333334
3825,22155222.64666667
3826,131144275.88
3827,52495252.24333333
3828,4986996.923333333
3829,264592.1
3830,35108590.39
3831,343388.3466666667
3832,176485288.23
3833,66109391.14333333
3834,8899224.84
3835,12027005.66
3836,1619991.0533333332
3837,36009419.38666666
3838,106723202.52
3839,6108697.406666666
3840,54122337.97666667
3841,20049071.326666668
3842,32630596.25
3843,40780608.57333333
3844,576084.34
3845,476211.7766666667
3846,1481028.8466666667
3847,3776421.1266666665
3848,1655884.2333333334
3849,119420045.66333333
3850,31369969.93
3851,72749926.61666666
3852,549219.3
3853,101807216.61666666
3854,1789282.81
3855,1090388.8066666666
3856,27748978.46
3857,450924211.87
3858,176975.84
3859,10158126.156666666
3860,32743323.17
3861,42860770.76
3862,14955727.733333332
3863,82719517.15666667
3864,86950593.7
3865,146184280.11666667
3866,6143025.196666666
3867,100160095.89
3868,6440093.57
3869,36389052.45666666
3870,137088173.39333335
3871,759928644.0266666
3872,56142270.92
3873,39098262.763333336
3874,416176.47
3875,70059756.93333334
3876,1225036.1066666667
3877,31468861.793333333
3878,285761333.31333333
3879,355861039.61333334
3880,4362042.24
3881,117082.15333333334
3882,3881047.0166666666
3883,2877329.046666667
3884,829967658.17
3885,6351937.98
3886,23934804.793333333
3887,12150702.376666667
3888,4953196.803333334
3889,13207089.043333333
3890,149491981.92
3891,7228800.933333334
3892,10157161.843333334
3893,544003261.6733333
3894,91470349.84333333
3895,50341732.48
3896,21910768.503333334
3897,21473941.296666667
3898,31779716.53
3899,657306904.5866667
3900,176862532.23333332
3901,9027168.27
3902,915449.34
3903,20281160.136666667
3904,7857641.6033333335
3905,19879037.58
3906,203446814.54
3907,16946031.953333333
3908,6253322.57
3909,505875.19
3910,57749126.413333334
3911,776290.6
3912,14240586.086666666
3913,83559967.95
3914,21695821.506666668
3915,249070750.2
3916,99589.79
3917,24254414.66
3918,2226005.4033333333
3919,35623772.766666666
3920,67153197.38333334
3921,1612521.3766666667
3922,20361084.723333333
3923,24154365.68
3924,23504609.456666667
3925,250193882.34666666
3926,2148668.91
3927,119384590.57333334
3928,158942863.25666666
3929,55344964.903333336
3930,3057376.1233333335
3931,4311246.716666667
3932,13794348.05
3933,11545306.29
3934,60808514.18
3935,137590.98333333334
3936,6397078.15
3937,147877445.75
3938,4962172.656666666
3939,86545791.85666667
3940,2885444.53
3941,32940928.743333332
3942,296523559.65
3943,866874773.3533334
3944,34462502.376666665
3945,102025978.54666667
3946,2840688.4366666665
3947,90575497.64666666
3948,7494504.766666667
3949,1825584.6166666667
3950,892997.0233333333
3951,8805941.23
3952,53558659.51
3953,230452155.98333332
3954,435256069.66333336
3955,19232807.47
3956,114623805.96333334
3957,9191602.0
3958,3832883.33
3959,7863036.956666667
3960,1609656.68
3961,64782289.843333334
3962,3900541.8266666667
3963,18179998.026666667
3964,874490216.7833333
3965,91226023.67666666
3966,18297111.393333334
3967,373737330.99333334
3968,36649048.31666667
3969,15125356.83
3970,82995395.06
3971,10318258.85
3972,68751509.36
3973,31695968.163333334
3974,502338.2366666667
3975,107958611.56
3976,64878238.57666667
3977,96980451.58
3978,164629143.82666665
3979,12978772.286666667
3980,1029717.2566666667
3981,1226397.4033333333
3982,9719486.113333333
3983,23246135.25
3984,106236180.16
3985,2421522.526666667
3986,789990851.55
3987,40738086.26
3988,5337686.873333333
3989,33484251.253333334
3990,35198101.65
3991,1379822.32
3992,10343925.283333333
3993,13051474.223333333
3994,44720500.63333333
3995,39557240.03666667
3996,49192172.166666664
3997,3809402.1733333333
3998,150957731.64333335
3999,14619677.42
4000,26210622.64
4001,4493770.613333333
4002,308594444.42333335
4003,4342014.803333334
4004,52776450.81333333
4005,1116605.06
4006,39976219.85
4007,908352.4233333333
4008,5529141.136666667
4009,17311970.316666666
4010,3976445.1333333333
4011,11684703.356666667
4012,123937957.4
4013,72384081.96666667
4014,716590.82
4015,67116888.34
4016,27027370.56
4017,2518370.8266666667
4018,42943040.02333333
4019,199510360.16666666
4020,39879494.166666664
4021,42761059.656666666
4022,21729169.06
4023,179974966.23
4024,84776248.40666667
4025,598007.73
4026,138110622.49
4027,90956488.73333333
4028,1704943.3633333333
4029,484797.5233333333
4030,29110818.87
4031,108045400.31666666
4032,192730.05
4033,43981201.13
4034,782987.24
4035,62532278.02333333
4036,3244662.4233333333
4037,25889276.903333332
4038,6902180.746666667
4039,36635990.99666667
4040,7727504.413333333
4041,3113692.7666666666
4042,42209203.85666667
4043,3131947.4
4044,94293207.38666667
4045,195629021.18333334
4046,12568912.846666666
4047,916871013.2333333
4048,3035455.2133333334
4049,140253.14333333334
4050,3027264.3933333335
4051,418977221.67
4052,12725053.49
4053,3395717.13
4054,517529.0366666667
4055,4178533.69
4056,13370559.77
4057,1551135.5866666667
4058,29088102.64666667
4059,1253554.8033333332
4060,40273116.67
4061,246715951.80666667
4062,39857170.03
4063,34577471.57666667
4064,779198877.1433333
4065,110810728.41666667
4066,8992169.26
4067,30058668.69
4068,10696088.146666666
4069,13195937.653333334
4070,132994264.29333334
4071,7606057.53
4072,21795431.35333333
4073,194060006.94666666
4074,2001527.0666666667
4075,6881054.31
4076,57494918.03666667
4077,501029188.95
4078,29123943.42
4079,201552020.06666666
4080,4623393.17
4081,12053686.516666668
4082,217214379.01666668
4083,52498772.78
4084,57902.91333333333
4085,5464843.486666666
4086,193549206.74333334
4087,1880011.5
4088,43691707.20666666
4089,19488819.7
4090,2894739.0366666666
4091,78418190.07
4092,88807391.53333333
4093,33182304.93
4094,6397104.456666667
4095,150354582.60333332
4096,28172822.006666668
4097,56976801.68333333
4098,2125583.41
4099,7859867.923333333
4100,37667560.68666667
4101,50039253.71
4102,6444963.47
4103,40825916.47666667
4104,6802230.406666666
4105,513740.9166666667
4106,9107525.656666666
4107,496576.8933333333
4108,19664821.94
4109,623270.9
4110,21452938.283333335
4111,4690929.116666666
4112,21798168.826666668
4113,2926151.7666666666
4114,500655529.94
4115,5788964.056666667
4116,17033199.59
4117,9171832.316666666
4118,30982117.576666668
4119,66146309.68666667
4120,2173664.196666667
4121,6949151.25
4122,201086309.13666666
4123,13229227.893333333
4124,48576796.46666667
4125,20675136.5
4126,10836686.916666666
4127,2822922.933333333
4128,13899909.62
4129,2174530.283333333
4130,6764235.003333333
4131,96917143.2
4132,181774735.41
4133,34548518.29666667
4134,16647018.333333334
4135,8767209.41
4136,829890535.6766666
4137,6965351.356666666
4138,33478016.616666667
4139,19160082.37
4140,4228455.273333333
4141,3831680.86
4142,57442323.19
4143,30490746.123333335
4144,2460329.77
4145,203509430.91
4146,2893893.6566666667
4147,139691.04666666666
4148,26704436.88
4149,5718351.203333333
4150,2029974.1633333333
4151,6210751.113333333
4152,43588606.333333336
4153,81504410.87666667
4154,7530800.403333333
4155,23471294.293333333
4156,1287311.1566666667
4157,1968536.2066666668
4158,3394143.816666667
4159,104341100.33333333
4160,671861421.46
4161,11361229.93
4162,19820680.23666667
4163,175375168.27333334
4164,7577228.523333333
4165,11179857.24
4166,4649726.173333333
4167,176604171.78666666
4168,27549025.55
4169,20191552.356666666
4170,15719331.043333333
4171,134690736.67666668
4172,120967385.39
4173,8737235.836666666
4174,9080066.08
4175,5116310.546666667
4176,14133130.793333333
4177,308027.95666666667
4178,422356987.0933333
4179,1341268.8133333332
4180,164485194.44666666
4181,40984375.75
4182,6918063.84
4183,46780399.88666666
4184,12842595.096666666
4185,2128297.296666667
4186,17534182.11
4187,12272161.396666666
4188,5791115.1033333335
4189,3613434.14
4190,252073.48666666666
4191,4330467.863333333
4192,301870.45666666667
4193,143425802.39333335
4194,236185599.74333334
4195,20364143.616666667
4196,14554542.146666666
4197,47109931.10333333
4198,541164.1266666667
4199,20371420.67
4200,110568657.39333333
4201,67112965.89
4202,223557761.09333333
4203,15513429.65
4204,34022832.53333333
4205,3749359.39
4206,19681369.71
4207,361282279.76666665
4208,551735884.6233333
4209,37502361.25333333
4210,135301722.39666668
4211,35674707.03333333
4212,240974732.46666667
4213,1489945.9933333334
4214,12085814.723333333
4215,2370800.526666667
4216,542850.3666666667
4217,4466832.6866666665
4218,50631772.98
4219,12628982.34
4220,27206658.096666668
4221,759681.52
4222,1049979.6833333333
4223,77346117.35666667
4224,4760084.3966666665
4225,57439436.053333335
4226,71911034.05
4227,20693367.33
4228,167165.6
4229,110334089.52
4230,16425052.93
4231,1845355.0033333334
4232,17335847.74
4233,178675321.14666668
4234,27219163.68
4235,22458572.14666667
4236,2694399.1633333336
4237,3349473.3333333335
4238,22790953.726666667
4239,223804588.91333333
4240,458528615.89
4241,292871788.44666666
4242,43656559.52
4243,188772.58
4244,21725530.42
4245,5616893.46
4246,2269141.7333333334
4247,67661937.14666666
4248,5752694.76
4249,20089401.473333333
4250,25782175.226666667
4251,8332203.776666666
4252,99778748.03666666
4253,93517381.12666667
4254,184264356.54
4255,47044221.74333333
4256,323404544.8333333
4257,143072671.19
4258,23918749.083333332
4259,8220632.773333333
4260,175159923.61
4261,1933696.35
4262,696725.5533333333
4263,2009529.93
4264,515161726.1
4265,53219389.156666666
4266,8366965.083333333
4267,15866879.49
4268,14388160.55
4269,4383103.116666666
4270,546848923.2066667
4271,105206677.71
4272,166963.99
4273,54261844.346666664
4274,60284331.89666667
4275,7691895.696666666
4276,26533917.336666666
4277,53723647.54
4278,19566658.836666666
4279,306548763.7366667
4280,243677.82
4281,3696535.2
4282,62183999.626666665
4283,594955.52
4284,4403311.596666667
4285,556950.7633333333
4286,596777881.49
4287,10822912.473333333
4288,42242811.89
4289,90271842.75
4290,69812580.28333333
4291,12318200.76
4292,2526679.513333333
4293,11612426.766666668
4294,90698504.46
4295,95259757.00333333
4296,49994304.23
4297,70754545.08333333
4298,2689224.4
4299,26129880.54
4300,79882475.03333333
4301,3886056.9
4302,3553009.3766666665
4303,7108317.68
4304,9313688.756666666
4305,49213864.696666665
4306,15441186.043333333
4307,321631.0733333333
4308,566218.2
4309,62156633.99333333
4310,1393347.3266666667
4311,654605.67
4312,142760491.58
4313,331264762.7366667
4314,11645064.373333333
4315,285544165.19666666
4316,327088095.47
4317,2811255.0566666666
4318,42046166.04333334
4319,1493786.1933333334
4320,17934300.3
4321,36524981.85333333
4322,2829390.026666667
4323,9466425.523333333
4324,11979600.496666666
4325,6339375.13
4326,15329369.953333333
4327,51457489.5
4328,9022703.606666667
4329,410509.7833333333
4330,674681594.7433333
4331,25415429.91
4332,74660639.76
4333,6869561.743333333
4334,80562626.72666667
4335,128207870.94
4336,39352976.67666667
4337,121663.83333333333
4338,295865068.3
4339,57874231.516666666
4340,16437432.45
4341,38871256.443333335
4342,17982593.74
4343,28008753.823333334
4344,453923.2766666667
4345,5942332.79
4346,49014773.35
4347,78686330.77666667
4348,1369349.3
4349,269776932.06333333
4350,8328943.286666667
4351,503560969.16
4352,1757635.15
4353,132946219.83
4354,21337434.956666667
4355,20504425.786666665
4356,19933819.096666668
4357,128069121.62333333
4358,7452646.903333333
4359,76824971.28333333
4360,69918817.97
4361,63509734.15
4362,1376278.2466666666
4363,69529035.30333333
4364,57334436.586666666
4365,1763008.9733333334
4366,20124902.096666668
4367,68458574.81
4368,130631117.55
4369,25220220.94
4370,143316072.55
4371,61853433.0
4372,19250831.453333333
4373,74339185.39
4374,24665271.126666665
4375,2348979.0
4376,78499.18666666666
4377,104695932.68
4378,191898966.13666666
4379,96043073.21
4380,87043329.80333333
4381,113815150.13333334
4382,410801417.72
4383,204882186.60666665
4384,89044995.38333334
4385,1951123.35
4386,201588821.17666668
4387,159719504.04666665
4388,69668046.64333333
4389,437021538.2
4390,6101905.42
4391,2101294.9233333333
4392,110823089.28333333
4393,81218961.75333333
4394,41757278.64666667
4395,22962715.296666667
4396,99587104.63
4397,50167409.413333334
4398,197037341.70666668
4399,403272.5833333333
4400,923907.3
4401,51232489.17333333
4402,5916273.2
4403,9002758.793333333
4404,48774793.18666667
4405,24691009.583333332
4406,979508.7866666666
4407,1549880.75
4408,461821.9066666667
4409,1532023.8533333333
4410,8189603.57
4411,5525314.683333334
4412,52635372.57
4413,33546256.343333334
4414,69125129.72333333
4415,6628447.893333334
4416,627718.93
4417,208476340.37
4418,1518886.9866666666
4419,82695119.67666666
4420,471285454.91
4421,1563064.06
4422,4275089.8133333335
4423,6135109.51
4424,1538767.6333333333
4425,18375082.63
4426,35649338.72333334
4427,179772702.63666666
4428,2741830.953333333
4429,904018.65
4430,2076872.46
4431,619597.6333333333
4432,176976001.17
4433,376799203.78
4434,709493160.64
4435,10736749.833333334
4436,138046886.19333333
4437,2863117.69
4438,1654960.49
4439,15079453.28
4440,1474977.3866666667
4441,70192308.28333333
4442,1916139.0066666666
4443,2473089.75
4444,4541189.006666667
4445,3889507.12
4446,11645441.376666667
4447,147091156.57
4448,146991310.65666667
4449,4303285.126666667
4450,158937077.76666668
4451,629151734.1266667
4452,19545267.326666668
4453,6935572.636666667
4454,323683.98
4455,2095677.7366666666
4456,59701238.05
4457,2635444.9233333333
4458,6805265.893333334
4459,98877635.56666666
4460,3283910.16
4461,81256909.65
4462,18406793.473333333
4463,8504004.633333333
4464,66527861.15
4465,659750.78
4466,1967070.8533333333
4467,27980480.973333333
4468,3901229.783333333
4469,52942276.10333333
4470,25246050.206666667
4471,1179821.29
4472,184535575.97
4473,29541560.7
4474,17877537.63
4475,1582641.8533333333
4476,393121.05666666664
4477,38425935.03666667
4478,1713380.9666666666
4479,2933035.3433333333
4480,36950551.42
4481,14615583.71
4482,17668532.33
4483,5117471.683333334
4484,3241365.053333333
4485,26845417.49
4486,15369915.19
4487,12378666.393333333
4488,85917685.06666666
4489,45889162.36333334
4490,1555294.2
4491,187563960.48
4492,9195747.403333334
4493,4114124.0566666666
4494,40326154.303333335
4495,6652236.71
4496,69186101.05333333
4497,19856619.343333334
4498,27414347.726666667
4499,1318610.5133333334
4500,40976484.196666665
4501,152358595.29666665
4502,6428429.966666667
4503,350953767.6066667
4504,7734497.893333334
4505,952683.6533333333
4506,63284986.82666667
4507,2184156.16
4508,414530.4166666667
4509,6078821.833333333
4510,4624800.6866666665
4511,183393458.13666666
4512,1419681.2033333334
4513,81948734.60666667
4514,3342660.99
4515,154542880.74333334
4516,10931159.39
4517,1999301.0
4518,171541445.74666667
4519,104249120.35666667
4520,5953735.286666667
4521,11440128.473333333
4522,70493985.12666667
4523,20464874.173333332
4524,13255841.983333332
4525,18381022.65
4526,8516343.346666666
4527,41393883.60333333
4528,7527113.826666667
4529,5612554.363333333
4530,4384501.626666667
4531,4101039.95
4532,6194311.75
4533,90800651.08
4534,1686252.44
4535,61710339.556666665
4536,14423419.943333333
4537,100039324.05
4538,47213270.76
4539,1688266.18
4540,34862751.72
4541,2335367.6933333334
4542,68707197.79666667
4543,18033922.503333334
4544,10417400.86
4545,1443424.9466666668
4546,746739.97
4547,3214994.02
4548,11875894.713333333
4549,1520334.7833333334
4550,17171008.173333332
4551,710892611.44
4552,240061754.31666666
4553,8135250.546666667
4554,748568647.35
4555,4789896.97
4556,37904060.89
4557,40796885.77333333
4558,18983500.11
4559,91674182.52666667
4560,148242036.39
4561,24290525.55
4562,1863390.4066666667
4563,297530162.0
4564,1321095.7166666666
4565,4445113.526666666
4566,35511352.47333334
4567,109136985.52666667
4568,4195310.856666666
4569,6905073.226666667
4570,10018101.18
4571,1891012.7533333334
4572,15871787.05
4573,17570581.37
4574,1340657.8166666667
4575,1217431.0633333332
4576,8975276.793333333
4577,24847499.116666667
4578,20772878.723333333
4579,6655938.626666667
4580,91197729.07333334
4581,2750448.316666667
4582,81053324.84
4583,145410157.58666667
4584,2405944.0
4585,178480242.61
4586,8932141.816666666
4587,7659607.36
4588,165544412.16333333
4589,9786398.303333333
4590,1258755848.97
4591,55904009.79666667
4592,2048412.3666666667
4593,292913.19333333336
4594,19601196.256666668
4595,510407770.64666665
4596,610648523.8166667
4597,19011564.676666666
4598,227340129.82333332
4599,17960603.44
4600,25766715.82
4601,60904668.806666665
4602,48951377.586666666
4603,24430236.76
4604,58515096.21
4605,302702286.02666664
4606,160059229.34
4607,24471578.183333334
4608,15450816.583333334
4609,13058651.536666667
4610,188896948.99333334
4611,113192951.78666666
4612,30950903.39
4613,34189302.27333333
4614,25762022.27
4615,5060907.576666667
4616,509707.94666666666
4617,27802798.553333335
4618,11310030.213333333
4619,11045807.15
4620,5689573.593333334
4621,269390830.67
4622,39505120.54
4623,28669049.60333333
4624,485668.01
4625,14012718.546666667
4626,17051529.696666665
4627,16589291.706666667
4628,18095261.9
4629,3155112.1033333335
4630,7895916.3966666665
4631,10038489.04
4632,2250287.1
4633,1349273.6766666668
4634,437616.86333333334
4635,72584.3
4636,134692452.11333334
4637,2809866.83
4638,1226767.3066666666
4639,440488.5966666667
4640,65784647.34
4641,5225604.746666667
4642,15530837.926666666
4643,31606508.823333334
4644,2559502.1133333333
4645,3163608.756666667
4646,706702129.0066667
4647,4709848.38
4648,10647654.07
4649,142818806.01666668
4650,149445354.55333334
4651,71498348.44333333
4652,720848608.34
4653,580573.45
4654,64204791.02
4655,93144298.63
4656,8081392.3133333335
4657,14502314.65
4658,30547784.566666666
4659,10007855.416666666
4660,8552126.55
4661,134040725.03333333
4662,10453428.786666667
4663,23462600.866666667
4664,4342226.843333334
4665,33549768.713333335
4666,23208707.833333332
4667,202250432.27
4668,4080445.01
4669,6590150.336666667
4670,78663039.20666666
4671,6001054.8966666665
4672,203491.97
4673,10944751.883333333
4674,4142325.446666667
4675,4503655.423333333
4676,11192466.503333334
4677,71737.89666666667
4678,12570609.49
4679,6342177.65
4680,954276.9933333333
4681,11575411.476666667
4682,5900794.416666667
4683,3979290.41
4684,859449.11
4685,40476952.0
4686,2335376.2266666666
4687,4654844.73
4688,99721854.01
4689,13506673.713333333
4690,15768710.963333333
4691,12895981.68
4692,42647043.91
4693,17735466.64666667
4694,14782165.77
4695,53811378.806666665
4696,43586401.09
4697,89767297.87333333
4698,1348068.1333333333
4699,726465.58
4700,123697868.11333333
4701,261689851.95
4702,12389071.013333334
4703,36104726.59
4704,232351720.04333332
4705,182477185.70666668
4706,93841180.33666667
4707,1746712.43
4708,24786684.48
4709,506244.0966666667
4710,322583627.68666667
4711,6779209.523333333
4712,1289822.6566666667
4713,373331922.7
4714,809363.95
4715,143472.17333333334
4716,956145.9433333334
4717,21586804.81
4718,6436055.1
4719,117392038.29
4720,14422079.83
4721,6076670.196666666
4722,72709024.17333333
4723,5085555.566666666
4724,138001467.05666667
4725,24779536.39666667
4726,5602548.116666666
4727,19454681.526666667
4728,155208683.55
4729,66996943.906666666
4730,184979.87
4731,72524859.77666667
4732,438530604.7
4733,1664982.8333333333
4734,222140150.06333333
4735,17341871.996666666
4736,38530331.81
4737,104010511.39
4738,3382891.8566666665
4739,41231586.693333335
4740,853603957.56
4741,284556.24333333335
4742,137204865.81666666
4743,455752.7833333333
4744,151558.86
4745,698598909.5733334
4746,69328835.87333333
4747,18984111.273333333
4748,64542901.416666664
4749,3637517.1033333335
4750,13057731.686666667
4751,40192735.596666664
4752,16416205.44
4753,15172420.293333333
4754,1022659922.7133334
4755,18303163.54
4756,42146693.64666667
4757,78733708.09
4758,101344013.95
4759,222837257.38333333
4760,1760078.6666666667
4761,11118337.513333334
4762,6325783.703333333
4763,737182.1633333333
4764,403653663.38
4765,16622671.12
4766,102048300.70333333
4767,39950819.29666667
4768,73951971.63333334
4769,11033393.64
4770,82186415.57333334
4771,78798139.93666667
4772,2230571.38
4773,8416270.346666666
4774,13362833.48
4775,285681.7033333333
4776,7679281.566666666
4777,284481561.36333334
4778,46063092.96666667
4779,18709803.76333333
4780,190547656.33333334
4781,127912.93666666666
4782,19983743.186666667
4783,10090120.35
4784,9587077.99
4785,23707213.643333334
4786,60596153.54666667
4787,64306276.96666667
4788,46720469.47
4789,3024977.51
4790,41973622.56
4791,15215136.57
4792,16450589.523333333
4793,27949663.843333334
4794,7197292.34
4795,6307477.62
4796,8437818.586666666
4797,759300750.5566666
4798,81536823.9
4799,18769807.14666667
4800,53793102.126666665
4801,457809.56666666665
4802,43130216.516666666
4803,5447217.31
4804,7330492.096666667
4805,42157.88
4806,2974262.756666667
4807,39157895.553333335
4808,16716446.03
4809,232632209.71333334
4810,764619.0566666666
4811,7998831.126666667
4812,152674693.92666668
4813,75124127.91666667
4814,1500308.0766666667
4815,117921630.59
4816,34029186.70666666
4817,7541984.283333333
4818,11255576.233333332
4819,12436704.003333334
4820,26443296.273333333
4821,4875636.893333334
4822,6891065.676666667
4823,15429917.91
4824,67831153.03
4825,98153643.04
4826,43685021.486666664
4827,106409484.60333334
4828,17867705.036666665
4829,31313904.463333335
4830,14826065.926666666
4831,33082165.466666665
4832,6043036.746666667
4833,37316859.403333336
4834,13163930.05
4835,39564222.08
4836,9911253.436666667
4837,316195543.44666666
4838,58634303.75666667
4839,466079.17
4840,590779037.6666666
4841,148856.39666666667
4842,110388798.36
4843,127956090.32
4844,522169.87
4845,39876561.04666667
4846,3631160.3333333335
4847,779101418.9
4848,69838079.24
4849,276585947.32
4850,41146733.126666665
4851,510568.19
4852,25587413.27
4853,65779339.67666667
4854,17447234.356666666
4855,54491586.236666664
4856,18884825.333333332
4857,20412731.266666666
4858,14349723.4
4859,1408603.5133333334
4860,405870661.3233333
4861,238614906.12
4862,141026505.46666667
4863,144875796.20333335
4864,127381531.31
4865,29131044.52
4866,14459146.34
4867,157417235.91666666
4868,3886899.3566666665
4869,2494561.3566666665
4870,19030915.6
4871,36161250.68666667
4872,658555.2466666667
4873,5900824.51
4874,98665456.85
4875,26146844.126666665
4876,35529730.16
4877,38679378.38666666
4878,27994744.14
4879,26829484.403333332
4880,3938045.54
4881,4539551.033333333
4882,7296601.486666666
4883,27491077.993333332
4884,96084721.19
4885,16173346.856666667
4886,92244879.6
4887,1033207.9366666666
4888,10684139.013333334
4889,1922413.7533333334
4890,193087778.30666667
4891,2487686.8666666667
4892,805438.3733333333
4893,152376193.72
4894,9774536.373333333
4895,6121467.966666667
4896,185529053.44666666
4897,1436436.5333333334
4898,119329489.66
4899,179473824.16666666
4900,308522764.0733333
4901,42949325.38666666
4902,1445880.4366666668
4903,7769732.266666667
4904,179001548.83
4905,10537532.323333334
4906,105320.52666666667
4907,945957442.9433334
4908,20045767.46
4909,81252254.91666667
4910,92939035.07
4911,24471699.843333334
4912,37908861.43
4913,11934908.176666666
4914,57471865.35333333
4915,100320156.59333333
4916,40011960.413333334
4917,12708894.933333334
4918,219743433.61666667
4919,36129659.96
4920,35905304.913333334
4921,95368345.95333333
4922,97465236.85
4923,3788428.4
4924,88803984.57666667
4925,116235401.17
4926,1019775.3
4927,30345619.84
4928,12044222.09
4929,14151785.53
4930,17523445.753333334
4931,13871503.716666667
4932,2463229.13
4933,177674985.51333332
4934,3625627.58
4935,626903785.2266667
4936,7891787.93
4937,293522.8566666667
4938,21548703.113333333
4939,151232.28333333333
4940,2727557.9266666668
4941,29853534.7
4942,1868278.8433333333
4943,80603883.5
4944,55218906.98
4945,5359879.546666667
4946,7677265.963333333
4947,1949225.71
4948,4085538.6066666665
4949,23188907.76333333
4950,68076955.77
4951,39011015.056666665
4952,19719868.23
4953,124986908.13
4954,70963648.56
4955,4710080.29
4956,5257138.956666667
4957,59183855.24333333
4958,19517069.903333332
4959,11151483.146666666
4960,5883589.6033333335
4961,165510742.93666667
4962,12175365.603333334
4963,3536370.55
4964,36507852.13333333
4965,4689621.1466666665
4966,6981096.49
4967,39278589.44
4968,4514054.476666667
4969,51020.903333333335
4970,808768.2533333333
4971,95252426.11
4972,10696082.743333334
4973,13592919.38
4974,81910192.07666667
4975,15984490.623333333
4976,2362753.03
4977,131057628.16666667
4978,4414416.706666667
4979,10611517.306666667
4980,31158986.69
4981,19479724.393333334
4982,71595846.96
4983,533029.3933333333
4984,217157751.8
4985,410477140.92333335
4986,3584929.5166666666
4987,3400226.51
4988,1851064.18
4989,19764910.123333335
4990,1159275.83
4991,19700952.81
4992,145923447.03
4993,18537136.166666668
4994,86435096.48
4995,1819219.2166666666
4996,29646287.573333334
4997,63182023.11666667
4998,10258954.51
4999,73566658.92333333
5000,145835365.07333332
5001,295691267.41
5002,203867321.26666668
5003,140212129.94333333
5004,30122180.223333333
5005,32374547.053333335
5006,291669884.4266667
5007,39584545.10333333
5008,296456448.6333333
5009,39094974.06
5010,3585663.743333333
5011,9090749.286666667
5012,22987608.83
5013,34671645.32666667
5014,69403439.94
5015,19651652.26
5016,125235976.23333333
5017,16027162.623333333
5018,14917712.616666667
5019,55142285.373333335
5020,18500200.553333335
5021,3323795.06
5022,49004272.04666667
5023,8319048.793333333
5024,118162934.73333333
5025,1651753.9233333333
5026,158483710.30666667
5027,16271390.356666667
5028,149407617.86
5029,57109864.04
5030,20560710.43
5031,1224865.4833333334
5032,129277841.64
5033,558869.5666666667
5034,1665885.08
5035,3340221.71
5036,12983432.27
5037,12262641.1
5038,437193480.29
5039,9933605.85
5040,68688578.45333333
5041,32295468.333333332
5042,50241153.63333333
5043,27869673.126666665
5044,519332900.87
5045,2262362.81
5046,4988236.873333333
5047,8850071.08
5048,934011.0066666667
5049,101572390.76333334
5050,473533.95
5051,333376851.9866667
5052,245182144.42333335
5053,12819304.95
5054,23220943.73666667
5055,16362373.393333333
5056,16007143.293333333
5057,21033640.776666667
5058,1237169.7466666666
5059,28227007.04
5060,153280368.35666665
5061,64521528.25333333
5062,1501046.81
5063,58319.01
5064,89388609.86
5065,2735832.9433333334
5066,16014103.08
5067,51020973.47
5068,24188026.746666666
5069,119353755.85333334
5070,160793440.50666666
5071,92888343.20666666
5072,217797970.00666666
5073,21322298.566666666
5074,2219874.3133333335
5075,8852364.543333333
5076,39076053.19
5077,254281917.39
5078,6871966.96
5079,1173949.6733333333
5080,100336647.83666667
5081,63096407.18333333
5082,18442499.11
5083,1085508.2133333334
5084,2652755.4633333334
5085,1183966.38
5086,19095919.91
5087,4605590.98
5088,3450925.9433333334
5089,3922990.7266666666
5090,2918392.6433333335
5091,31194406.466666665
5092,35956847.82
5093,48542866.72
5094,84466530.86
5095,124360327.27
5096,92449088.61
5097,72515.24666666667
5098,32532426.8
5099,3150909.3766666665
5100,1651000.3933333333
5101,566377.9533333334
5102,23025970.493333332
5103,456480.75666666665
5104,90584670.75
5105,1453709.7433333334
5106,2468188.236666667
5107,61007528.27666666
5108,38875566.74
5109,629261.9366666666
5110,82615724.31333333
5111,142859165.1
5112,3540001.4033333333
5113,789775.1633333333
5114,11819244.213333333
5115,6597018.826666667
5116,12643031.376666667
5117,419008889.52
5118,17405073.086666666
5119,1241767.5733333332
5120,317801.86666666664
5121,29944493.543333333
5122,33433003.723333333
5123,33993722.10333333
5124,4985529.806666667
5125,18680638.16
5126,17278351.76333333
5127,55376890.87
5128,420720.7233333333
5129,3887798.1033333335
5130,66626040.01
5131,39958213.59
5132,33574894.89333333
5133,186548475.82666665
5134,142065349.45666668
5135,128212307.59333333
5136,2277485.0766666667
5137,118306229.00333333
5138,15738241.75
5139,182234143.86333334
5140,123518444.21
5141,22742151.07
5142,186349113.15333334
5143,261406031.96333334
5144,59974734.096666664
5145,46624970.98
5146,8670489.183333334
5147,10851992.976666667
5148,38947462.413333334
5149,868992.08
5150,461493860.17333335
5151,308935406.8933333
5152,100473948.95333333
5153,4449943.393333334
5154,23888245.406666666
5155,1129538.7166666666
5156,842846449.4766667
5157,10504662.39
5158,926564.03
5159,93202244.29333334
5160,21310767.41
5161,23661501.65
5162,93832480.14
5163,205765002.19333333
5164,4809076.52
5165,105069778.07666667
5166,135597481.05666667
5167,9564154.233333332
5168,12367249.423333334
5169,12614854.67
5170,20313826.156666666
5171,149554907.29666665
5172,11230165.4
5173,92300885.52
5174,182266811.16666666
5175,640256.9666666667
5176,2984112.196666667
5177,233606292.16
5178,472370605.0733333
5179,4097316.6633333336
5180,50197976.5
5181,107302.97
5182,32631118.886666667
5183,832527.34
5184,8929171.47
5185,1293012.63
5186,11998502.656666666
5187,931162.6066666667
5188,3884717.9566666665
5189,17415960.14666667
5190,459201191.88
5191,42454856.39666667
5192,249972226.71333334
5193,91912400.54666667
5194,54178910.68333333
5195,159845062.21
5196,75345838.54666667
5197,209370682.51
5198,39644309.43
5199,18555717.31
5200,6725782.903333333
5201,31340174.19333333
5202,4168899.243333333
5203,2519772.8933333335
5204,238763.86666666667
5205,858777.4766666667
5206,23705651.76
5207,5048283.916666667
5208,17813996.67
5209,60847090.97
5210,55041915.93666667
5211,18447647.036666665
5212,12591550.146666666
5213,85361105.6
5214,160379.25
5215,20348881.276666667
5216,104536654.14333333
5217,5401180.96
5218,15700827.013333334
5219,9583361.37
5220,54500127.71
5221,226654.0
5222,10585877.3
5223,77711224.44
5224,140934.75333333333
5225,278232.73
5226,42751559.516666666
5227,4185369.7066666665
5228,29428151.973333333
5229,123860070.39
5230,10352160.763333334
5231,17874792.586666666
5232,551750.1733333333
5233,12037703.74
5234,139262092.35
5235,39259079.03666667
5236,252807134.96666667
5237,177855220.35666665
5238,7683664.793333333
5239,22314531.676666666
5240,141796688.49666667
5241,75567789.22333333
5242,19179378.916666668
5243,1093067.74
5244,120658619.01
5245,3300520.79
5246,21371554.05666667
5247,58852501.34
5248,347943.69
5249,58992311.46
5250,215563653.36
5251,12315262.423333334
5252,62493.12
5253,2684853.94
5254,434668.0733333333
5255,98446799.87
5256,48081519.02666666
5257,3571537.053333333
5258,1824784.6733333333
5259,100505076.28
5260,9823257.233333332
5261,46609004.11666667
5262,802559.62
5263,24731554.636666667
5264,2533334.19
5265,3304476.276666667
5266,56925640.11666667
5267,9101062.806666667
5268,5050182.46
5269,94836722.49
5270,67244689.09666666
5271,34974660.656666666
5272,159916832.81333333
5273,389791.29333333333
5274,82420640.34333333
5275,58917012.06333333
5276,18490839.86
5277,1488888.6033333333
5278,13288161.343333334
5279,2311430.3466666667
5280,1626409.3833333333
5281,433211.83
5282,56240576.733333334
5283,1616288.58
5284,10629281.403333334
5285,226741866.83666667
5286,19719639.29
5287,10211304.313333333
5288,6998648.45
5289,149435093.96
5290,155098432.08
5291,698232685.9066666
5292,263197609.62
5293,182492819.06333333
5294,1857537.0233333334
5295,698602391.41
5296,3688051.34
5297,140427051.77666667
5298,90832804.49333334
5299,6446150.92
5300,1679861.22
5301,4582626.17
5302,146321254.13333333
5303,12382626.953333333
5304,5710453.213333333
5305,727547.6333333333
5306,107883356.52333333
5307,302502514.5933333
5308,632139.7366666667
5309,2189475.04
5310,123122723.19333333
5311,7568278.386666667
5312,238333967.24666667
5313,720154711.6633333
5314,38404202.126666665
5315,4246636.876666667
5316,4483350.653333333
5317,28790218.976666667
5318,14640606.75
5319,29299083.66
5320,13158113.286666667
5321,24347187.883333333
5322,210038.61333333334
5323,151399786.99
5324,17684642.963333335
5325,11439333.506666666
5326,34826999.32
5327,124668272.07666667
5328,10636920.273333333
5329,2785042.07
5330,190839181.81666666
5331,5297808.5
5332,2296275.7266666666
5333,38418318.093333334
5334,29669976.0
5335,20583532.49
5336,11715168.006666666
5337,4286626.333333333
5338,36695800.46333333
5339,4079693.6433333335
5340,13729286.813333333
5341,179463686.07333332
5342,314964778.7266667
5343,69143402.97333333
5344,149784108.27666667
5345,664044.9033333333
5346,136648517.07333332
5347,1229497.6066666667
5348,6000009.746666667
5349,1557164.88
5350,540530.1633333333
5351,115277724.23666666
5352,4744547.526666666
5353,20878101.466666665
5354,144715127.47666666
5355,76190137.03
5356,33328364.68
5357,1676183.2066666668
5358,51601223.68333333
5359,24526358.34
5360,205867143.92666668
5361,13680066.34
5362,6949836.3
5363,19035679.656666666
5364,5205793.87
5365,81151578.02
5366,153651313.02
5367,182815488.36
5368,1093925.14
5369,503792435.8
5370,22021139.196666665
5371,41565263.07333333
5372,749530490.0966667
5373,39406860.28666667
5374,149577523.25333333
5375,139990275.71
5376,128387342.88
5377,17797849.393333334
5378,1691659.64
5379,18770178.223333333
5380,46940573.663333334
5381,136774681.04
5382,103927272.66
5383,600026.4566666667
5384,265587066.66333333
5385,65404297.74666667
5386,34339705.38
5387,11419968.333333334
5388,297197669.5366667
5389,32967213.373333335
5390,24141432.37
5391,48777096.28
5392,225565.35333333333
5393,17548289.88
5394,58580548.733333334
5395,40177097.52
5396,91041965.42666666
5397,3529199.933333333
5398,1591832.44
5399,13675360.766666668
5400,3448973.61
5401,188344512.15666667
5402,56875184.28
5403,80139765.5
5404,973292.5966666667
5405,53684654.873333335
5406,6931838.44
5407,309919043.26666665
5408,474666624.3833333
5409,205914274.95333335
5410,564162.33
5411,22843313.63
5412,325094.9
5413,393945.9766666667
5414,157599543.78
5415,66059583.553333335
5416,32999930.14666667
5417,143583232.66333333
5418,1685633.1666666667
5419,1289404.9833333334
5420,34813451.08
5421,79240368.70333333
5422,124779804.72666667
5423,241198811.85333332
5424,174635257.94
5425,15942459.276666667
5426,6112783.67
5427,4659078.91
5428,5895150.696666666
5429,89217059.32
5430,171105740.59333333
5431,21203445.04
5432,127051384.09333333
5433,45837260.50333333
5434,60869446.71333333
5435,27740107.073333334
5436,17219856.273333333
5437,38570460.89
5438,11431161.56
5439,1148813.46
5440,67381530.21666667
5441,4667430.833333333
5442,126556014.67666666
5443,38486131.95666666
5444,51972414.75666667
5445,56446673.75333333
5446,134674043.10666665
5447,5644407.243333333
5448,5737074.026666666
5449,232058990.36
5450,3045309.2266666666
5451,12305530.536666667
5452,1623397.0933333333
5453,331147956.85
5454,125663382.94333333
5455,18202651.67
5456,5207861.07
5457,28568766.583333332
5458,30193998.516666666
5459,10144499.566666666
5460,634433.0
5461,140711.26666666666
5462,1599314.23
5463,918087445.65
5464,5972807.753333333
5465,10484180.713333333
5466,249571344.36333334
5467,80944893.75333333
5468,62262641.2
5469,1287046.1466666667
5470,204055109.65666667
5471,98881310.97666667
5472,78788884.71
5473,25777318.61
5474,13555761.93
5475,13256939.64
5476,6698008.213333333
5477,13512402.756666666
5478,100014215.44
5479,169567151.96666667
5480,6827259.916666667
5481,357580.10333333333
5482,38353660.346666664
5483,18492201.563333333
5484,144768792.93
5485,10273434.22
5486,50788367.82666667
5487,655673043.25
5488,38628107.50333333
5489,29653279.47
5490,20883736.883333333
5491,44447217.89
5492,70851485.6
5493,11643138.503333334
5494,156831.28333333333
5495,12062921.706666667
5496,29541017.69333333
5497,32881575.246666666
5498,3503154.3133333335
5499,61979451.49
5500,110219635.25
5501,1811571.1066666667
5502,5208829.213333333
5503,11840196.336666666
5504,41865255.333333336
5505,597287.4333333333
5506,748780317.9066666
5507,43768292.17
5508,100689076.59666666
5509,184369542.76
5510,10851366.71
5511,3772587.3966666665
5512,72687664.44333333
5513,3029939.0733333332
5514,20847408.826666668
5515,309356.44666666666
5516,2709319.0833333335
5517,205028795.47666666
5518,41404863.00333333
5519,259627126.01333332
5520,536314.5133333333
5521,15453043.9
5522,71098.64333333333
5523,326410701.74
5524,544306734.6466666
5525,81304871.20333333
5526,8756412.016666668
5527,1041997.53
5528,49327116.35
5529,388570.68
5530,298518284.07
5531,2044004.3866666667
5532,17044703.69333333
5533,89748723.14333333
5534,414228365.56666666
5535,2946936.6266666665
5536,1406366.1266666667
5537,23380332.203333333
5538,13358139.69
5539,222579401.53
5540,182899726.89
5541,167508890.64666668
5542,290702.3933333333
5543,3070524.61
5544,129428601.22666667
5545,301508.86333333334
5546,14759018.986666666
5547,14144166.066666666
5548,15243680.743333334
5549,40024208.78333333
5550,50300703.74333333
5551,12972767.063333333
5552,30771986.18
5553,28683053.313333333
5554,12006917.233333332
5555,39896330.76
5556,12122608.65
5557,8962384.72
5558,505810193.66333336
5559,9015131.443333333
5560,2980154.4433333334
5561,62563161.46333333
5562,71113153.57666667
5563,249315.11666666667
5564,3619344.7666666666
5565,13305226.053333333
5566,4801703.726666667
5567,48397373.85333333
5568,48449762.17666667
5569,38327275.4
5570,40946776.67333333
5571,100881803.51333334
5572,264837.42333333334
5573,148863108.94666666
5574,45878574.45333333
5575,210459767.23666668
5576,105352718.73333333
5577,24401903.203333333
5578,15811134.466666667
5579,5540567.666666667
5580,3483630.6633333336
5581,25643956.04
5582,10042669.05
5583,63097095.19
5584,43714295.49666667
5585,1627581.95
5586,957892.43
5587,25384339.5
5588,243767668.65
5589,90142882.95666666
5590,801979.3266666667
5591,39468997.44
5592,2260348.1633333336
5593,29328486.476666667
5594,8323453.803333334
5595,97750721.2
5596,124836731.04666667
5597,5275954.07
5598,3061226.72
5599,3480627.88
5600,39322355.28
5601,41557054.233333334
5602,63496761.72
5603,951233.48
5604,101934131.98333333
5605,370036669.1666667
5606,83332067.34
5607,57576465.92333333
5608,87267413.66666667
5609,23359275.716666665
5610,32035551.716666665
5611,20994989.683333334
5612,817637503.6766666
5613,34180729.69
5614,38492680.833333336
5615,67827777.58666667
5616,21177615.24
5617,350141401.09
5618,24848272.01333333
5619,93493895.41333333
5620,5325288.446666666
5621,34776960.28666667
5622,47219301.166666664
5623,14012464.096666666
5624,708957934.82
5625,1007785.83
5626,2682846.97
5627,86003321.58
5628,46787931.85333333
5629,331473682.58
5630,9220301.986666666
5631,68336350.68666667
5632,83776004.84333333
5633,30215615.953333333
5634,25456416.546666667
5635,82455815.61
5636,1051662.2566666666
5637,13478659.803333333
5638,136591584.58333334
5639,10918791.676666666
5640,4394563.14
5641,33888590.06
5642,16608345.343333334
5643,2103407.98
5644,650523758.3733333
5645,180929184.88333333
5646,12325686.496666666
5647,6560133.863333333
5648,112905196.03333333
5649,8100487.856666666
5650,61281196.446666665
5651,23231871.116666667
5652,1478402.7466666666
5653,132150837.54333334
5654,96087907.03333333
5655,30563255.276666667
5656,812206234.35
5657,41208590.85
5658,26036846.596666668
5659,63018116.47
5660,152464871.88333333
5661,14859707.83
5662,503859587.87
5663,1427424.6233333333
5664,8479506.49
5665,59802128.35666667
5666,6293716.456666667
5667,45497075.93333333
5668,2260583.0566666666
5669,2071327.52
5670,506932408.8666667
5671,51928226.306666665
5672,4085743.11
5673,67394799.38
5674,7830546.653333333
5675,3927410.993333333
5676,194987.04
5677,85761858.22333333
5678,132305851.95
5679,1057534.7166666666
5680,26275333.5
5681,786417206.8333334
5682,910372.02
5683,281554022.86
5684,97643180.19666667
5685,60492621.483333334
5686,199786.48
5687,95653598.92666666
5688,16608333.176666666
5689,27880979.04
5690,6906284.573333333
5691,136655562.51666668
5692,547757995.8333334
5693,45050594.913333334
5694,85527692.49
5695,5101195.753333333
5696,35248417.23
5697,514457.00666666665
5698,3126058.23
5699,1469518.02
5700,31304822.726666667
5701,24690192.706666667
5702,51453942.123333335
5703,73945216.12333333
5704,99712696.88
5705,1238047.4366666668
5706,636547.9466666667
5707,49397902.43666667
5708,12747446.076666666
5709,83208494.72333333
5710,9157070.16
5711,18768084.75
5712,223625526.34333333
5713,27445552.743333332
5714,23953073.87
5715,2012760.9233333333
5716,851166.76
5717,27583440.48
5718,1216285.61
5719,44286732.89333333
5720,7800396.69
5721,102788495.74333334
5722,6227469.233333333
5723,174091249.74
5724,15573450.873333333
5725,462914.0
5726,90726539.11333333
5727,174594351.58
5728,53159636.76
5729,263309970.83
5730,2394339.02
5731,367317.77
5732,8540097.976666667
5733,571557.38
5734,21424330.58
5735,8436233.553333333
5736,36270724.14333333
5737,21933266.316666666
5738,94835458.58333333
5739,20811725.003333334
5740,14327805.746666666
5741,101663517.65333334
5742,39472994.72
5743,16733933.586666666
5744,1543871.4333333333
5745,3136882.4633333334
5746,19484971.7
5747,2176109.1366666667
5748,128278817.90333334
5749,156365249.32
5750,138893866.26333332
5751,39639437.71666667
5752,3013358.933333333
5753,362030322.89666665
5754,11646426.616666667
5755,126158037.61666666
5756,15528257.29
5757,9721635.05
5758,520386.18
5759,25855700.426666666
5760,750282.92
5761,72497.18666666666
5762,324028161.43333334
5763,60422837.74333333
5764,6886318.76
5765,41728416.95
5766,53063101.2
5767,11803986.946666667
5768,70661261.33
5769,299227819.7633333
5770,3049056.8933333335
5771,14739602.973333333
5772,32501761.43
5773,441671905.11333334
5774,124413665.01333334
5775,90434430.21
5776,2823220.9433333334
5777,152408301.52
5778,143186493.15333334
5779,240803362.64
5780,3084076.756666667
5781,100869166.93
5782,179421457.85
5783,213333273.93666667
5784,47652990.486666664
5785,135081245.92333335
5786,8881920.096666666
5787,226298430.21666667
5788,3191918.1033333335
5789,59351885.166666664
5790,126733442.51666667
5791,159013818.67
5792,7516698.113333333
5793,9434153.336666666
5794,46463632.33
5795,147709855.29333332
5796,19530082.783333335
5797,46750204.42
5798,2453809.21
5799,158760472.97666666
5800,771134.93
5801,14685881.956666667
5802,8000052.3
5803,868768.99
5804,308180468.3433333
5805,14255173.436666667
5806,20923860.363333333
5807,53576140.13333333
5808,73077468.08
5809,12379498.726666667
5810,5839403.516666667
5811,3569688.4133333336
5812,65787141.42666667
5813,142433554.39
5814,3274886.4033333333
5815,16697565.683333334
5816,16651207.066666666
5817,1087970.1566666667
5818,25333999.49
5819,38175931.346666664
5820,14245196.65
5821,542477.96
5822,150241.88333333333
5823,34658517.58
5824,72251281.36333333
5825,38325260.39333333
5826,7080501.676666667
5827,3397877.9366666665
5828,277341030.67
5829,45450769.92666667
5830,59382089.48
5831,130615011.74
5832,135135116.18666667
5833,10774503.123333333
5834,143050175.34
5835,115755.24
5836,59875092.75333333
5837,81383857.33666667
5838,199618.72666666665
5839,39014494.51
5840,1776300.49
5841,59934511.663333334
5842,34815407.08
5843,82273432.51333334
5844,5852669.883333334
5845,3013831.8966666665
5846,7122428.14
5847,91762540.31666666
5848,51708379.84
5849,3008693.94
5850,84058222.61333333
5851,12148319.3
5852,18870741.19333333
5853,23232111.37
5854,26224874.296666667
5855,121163130.50333333
5856,26426455.776666667
5857,1029262507.47
5858,460370.8233333333
5859,36035954.66
5860,208916157.95333335
5861,2434188.8833333333
5862,29327832.93
5863,71942368.28333333
5864,699093571.5033333
5865,11714340.413333334
5866,13249470.643333333
5867,27462388.86
5868,46999284.653333336
5869,7341560.836666667
5870,228751.55
5871,37263775.42666667
5872,321056234.43333334
5873,21904993.04
5874,8393683.736666666
5875,84302773.28333333
5876,93889257.35333334
5877,9862362.57
5878,135699352.25333333
5879,8090132.393333334
5880,161708422.43333334
5881,113777170.54666667
5882,402631574.30333334
5883,14665894.136666667
5884,29824421.573333334
5885,4971312.183333334
5886,6427162.926666667
5887,16824422.766666666
5888,11696057.933333334
5889,4957689.363333333
5890,69991157.64333333
5891,87822829.34333333
5892,8174275.98
5893,3555424.67
5894,87605646.86333333
5895,29324386.69333333
5896,61630636.29
5897,576385.29
5898,58669880.17666667
5899,7533585.073333333
5900,15561337.183333334
5901,204629.31666666668
5902,40154090.21333333
5903,65343450.97333334
5904,67598496.91666667
5905,51975255.56
5906,82060192.21666667
5907,2524135.86
5908,60232007.663333334
5909,6259717.803333334
5910,43940139.876666665
5911,9491096.783333333
5912,176012116.54666665
5913,37716284.7
5914,39812595.736666664
5915,6431277.356666666
5916,74319029.26666667
5917,175399467.15
5918,136295390.00666666
5919,61372905.06333333
5920,7010984.446666666
5921,61459148.32333333
5922,5152778.086666667
5923,2736833.756666667
5924,31667888.51
5925,455860769.8833333
5926,169733.73333333334
5927,1911251.9
5928,19105465.56
5929,705459.1333333333
5930,207761657.53
5931,32304768.42
5932,723895.5133333333
5933,6207048.24
5934,38869280.656666666
5935,203566362.43666667
5936,189078273.54333332
5937,3683676.88
5938,8896972.846666666
5939,16205765.753333334
5940,163109904.05
5941,753250.8266666667
5942,139120584.38333333
5943,3934503.783333333
5944,31477559.716666665
5945,15072826.68
5946,968992.69
5947,210413.93333333332
5948,195281260.74
5949,789842.21
5950,91410795.41
5951,107936079.39
5952,14721631.926666666
5953,283535835.94666666
5954,12642839.033333333
5955,21688419.316666666
5956,109290204.68666667
5957,76456106.25
5958,77629237.89666666
5959,1825870.99
5960,37882995.13666666
5961,4579980.973333334
5962,6575363.493333333
5963,92083975.09333333
5964,57061789.38333333
5965,59696911.123333335
5966,52920686.04
5967,709665381.82
5968,124935934.11
5969,70201024.74666667
5970,5998275.05
5971,6395890.11
5972,11353505.043333333
5973,48646918.123333335
5974,989254.6066666667
5975,55131727.61333334
5976,2033788.7066666668
5977,17735926.636666667
5978,787907353.8166667
5979,2297481.1233333335
5980,206553834.99
5981,801421.3533333334
5982,199015185.04333332
5983,5787622.94
5984,47395360.54
5985,87810369.15666667
5986,1834395.53
5987,1855145.39
5988,29742856.073333334
5989,1198110.7733333334
5990,123605065.16666667
5991,3260302.3966666665
5992,52660624.92666667
5993,73228815.43
5994,1648728.4466666668
5995,10197261.36
5996,33567813.84
5997,41019737.79333334
5998,470396277.0833333
5999,1471315.4633333334
6000,11531564.77
6001,16535016.556666667
6002,4649694.866666666
6003,403687185.18333334
6004,89359114.36333333
6005,1681742.5366666666
6006,14886512.476666667
6007,14445391.486666666
6008,1883318.21
6009,95152831.59333333
6010,101197944.97
6011,22087899.48
6012,6721931.443333333
6013,239070643.97666666
6014,24011902.003333334
6015,64537909.43
6016,40524067.77666666
6017,3928426.7733333334
6018,19622738.596666668
6019,1834644.05
6020,4116779.0933333333
6021,5378262.016666667
6022,6266848.07
6023,91824799.89333333
6024,350555.15
6025,24583264.36
6026,192730593.6
6027,6782613.046666667
6028,92296415.67
6029,18269105.903333332
6030,260787216.86666667
6031,64749948.29333334
6032,40432.13
6033,71232920.28
6034,3885158.6166666667
6035,372781813.68333334
6036,793525.0933333334
6037,2627752.2933333335
6038,71359.27666666667
6039,17906076.51
6040,29421731.933333334
6041,501920763.7866667
6042,89310.88666666667
6043,165648196.83
6044,8659736.033333333
6045,67756096.28666666
6046,2084143.75
6047,21916128.803333335
6048,9867243.266666668
6049,769341.5266666666
6050,66510269.25
6051,1586643.95
6052,17077102.746666666
6053,532812.73
6054,7930936.666666667
6055,56235898.9
6056,21875664.29
6057,4422332.663333333
6058,37443927.42666667
6059,150074002.78333333
6060,37098434.97
6061,74329296.35
6062,5446961.536666667
6063,135978475.57666665
6064,15187002.823333334
6065,254135430.14333335
6066,24741166.523333333
6067,68830256.61666666
6068,155914.19
6069,102244397.42666666
6070,112717865.86
6071,14684792.19
6072,154462937.50333333
6073,33273911.61
6074,926035.7866666666
6075,4920193.136666667
6076,86236877.5
6077,6605168.343333334
6078,86550630.16666667
6079,699093571.5033333
6080,4284148.633333334
6081,2973895.736666667
6082,2658820.5733333332
6083,186025713.96333334
6084,13529669.13
6085,20088319.496666666
6086,2835408.796666667
6087,51837434.39666667
6088,1411189.2766666666
6089,8490629.033333333
6090,281391412.2866667
6091,568825.4866666667
6092,3969113.8366666664
6093,12398979.256666666
6094,137375317.08
6095,60368112.28
6096,9030302.113333333
6097,31110878.61
6098,19812195.55
6099,30714946.666666668
6100,26490182.076666668
6101,224182246.59666666
6102,70750271.5
6103,60114087.70333333
6104,739315.9266666666
6105,12011332.266666668
6106,263849.28
6107,123222.45
6108,91332082.42666666
6109,30290835.116666667
6110,131128859.68333334
6111,81257.05666666667
6112,243223.37666666668
6113,6956368.106666666
6114,86374279.42
6115,182813084.27
6116,86165.50333333333
6117,12934717.043333333
6118,49430717.22333334
6119,102612271.01666667
6120,63454709.42333333
6121,1235121.6866666668
6122,53981348.71333333
6123,157448.04333333333
6124,1263887.2666666666
6125,7370816.07
6126,9492195.916666666
6127,15310278.123333333
6128,166387435.89666668
6129,9530317.31
6130,406647.81333333335
6131,6748460.823333333
6132,970451.4066666666
6133,7883419.586666667
6134,22222283.036666665
6135,51953372.50666667
6136,599698571.36
6137,54536926.263333336
6138,2493208.21
6139,1110364860.0433333
6140,3361118.1533333333
6141,30830539.95
6142,3111123.223333333
6143,12396600.676666666
6144,17166032.21
6145,10214739.033333333
6146,9406016.596666666
6147,57590540.81666667
6148,6604759.37
6149,108173507.09
6150,206074883.06666666
6151,26106294.523333333
6152,981522816.4566667
6153,5161681.066666666
6154,41646086.86666667
6155,204918090.90333334
6156,5536657.98
6157,25821001.303333335
6158,228734597.66666666
6159,17049927.966666665
6160,57690982.99333333
6161,11579988.083333334
6162,49191976.513333336
6163,2672019.6366666667
6164,14908923.866666667
6165,40763493.836666666
6166,24010749.97
6167,7802774.013333334
6168,13063207.85
6169,128834174.80666667
6170,4239222.24
6171,18442378.71
6172,1039404.6733333333
6173,31490658.593333334
6174,72649770.74666667
6175,19842595.836666666
6176,206396239.88333333
6177,41011273.21
6178,1354555.8166666667
6179,264478492.08666667
6180,37006694.096666664
6181,35952662.77666666
6182,601822807.9366666
6183,12269180.356666667
6184,513799250.47
6185,36117264.00666667
6186,17848185.463333335
6187,3534010.8833333333
6188,48706942.02
6189,74713847.55
6190,131198336.16333333
6191,5048977.83
6192,47318555.163333334
6193,8875781.433333334
6194,2143501.64
6195,1113036.99
6196,61426725.06333333
6197,993134.8966666666
6198,138467497.31333333
6199,873272275.18
6200,485779.87
6201,4052297.25
6202,138659781.98666668
6203,758295134.5566666
6204,1757488.2166666666
6205,4024417.446666667
6206,90289196.81333333
6207,46917025.693333335
6208,86379991.96333334
6209,229608.68
6210,9573374.726666667
6211,72046584.18333334
6212,15870024.853333334
6213,184242293.90666667
6214,179948295.35
6215,6242647.953333333
6216,28729716.9
6217,511249.9
6218,14922841.143333333
6219,41193755.77
6220,189091.34
6221,16294264.043333333
6222,1743772.5733333332
6223,45208101.09
6224,13682558.663333334
6225,184760243.21333334
6226,40867241.46
6227,26537777.216666665
6228,861072.9933333333
6229,1323138.9066666667
6230,2213218.6566666667
6231,89166871.28
6232,4411607.66
6233,183596921.09666666
6234,37460697.29666667
6235,35657199.60666667
6236,16914794.51
6237,6126852.593333334
6238,7753759.416666667
6239,214574330.02666667
6240,249574519.50333333
6241,3381834.303333333
6242,1698646.2666666666
6243,8290177.303333334
6244,117597585.30666667
6245,1384231.1566666667
6246,5582902.206666667
6247,330813100.1666667
6248,2320340.0033333334
6249,15258171.723333333
6250,24066617.98666667
6251,80828274.25666666
6252,1860224.0666666667
6253,7309017.18
6254,178188325.43333334
6255,562682.8166666667
6256,12980948.756666666
6257,96440522.73333333
6258,182615.98666666666
6259,2147344.5866666664
6260,7433578.783333333
6261,212194796.10333332
6262,4378083.383333334
6263,114408079.04666667
6264,7944283.033333333
6265,16103524.72
6266,22424896.293333333
6267,134765645.63666666
6268,562988.3833333333
6269,254242128.39666668
6270,136832198.9
6271,241361706.75333333
6272,5022288.093333334
6273,33121375.066666666
6274,405653291.03
6275,58400423.17
6276,7120104.776666666
6277,85387098.46333334
6278,1337386.7633333334
6279,22037287.176666666
6280,84473933.74666667
6281,6391394.82
6282,415483818.32
6283,36196251.75666667
6284,114258443.41
6285,135756019.15
6286,12699044.696666667
6287,12030666.246666666
6288,102043780.88333334
6289,207954076.13333333
6290,69055.80666666667
6291,32253593.783333335
6292,155140577.59333333
6293,543889539.26
6294,4052434.9066666667
6295,97730927.98333333
6296,3086859.6166666667
6297,125949638.40666667
6298,3327513.44
6299,742680.5933333334
6300,33043369.94
6301,12119175.193333333
6302,19046933.416666668
6303,1733265.0433333332
6304,9398417.396666666
6305,190083369.65333334
6306,46078846.693333335
6307,2742785.703333333
6308,3625414.3
6309,643625.1533333333
6310,101690393.13
6311,2841203.64
6312,2332055.1666666665
6313,20315089.63
6314,53511605.03333333
6315,6392891.27
6316,84328460.80666667
6317,206863878.67333335
6318,70732899.00666666
6319,48128650.906666666
6320,642454.2833333333
6321,40564266.54
6322,88543133.16666667
6323,52382100.43
6324,5287511.56
6325,217036367.36
6326,1965832.2066666668
6327,41970365.21
6328,31560274.873333335
6329,5454239.77
6330,3712646.276666667
6331,511030881.67
6332,2295018.42
6333,18334378.113333333
6334,2299501.553333333
6335,43678126.81
6336,90298106.41333333
6337,70761317.38666667
6338,484461.07
6339,70178458.07333334
6340,4466191.76
6341,4372705.533333333
6342,8867652.673333334
6343,34323739.45666666
6344,39349772.26
6345,4231404.0633333335
6346,167922568.18666667
6347,74297785.47
6348,49116723.72666667
6349,73197312.7
6350,5243413.083333333
6351,221070033.87333333
6352,60335406.0
6353,823160.5633333334
6354,3535953.58
6355,620505.7433333333
6356,42970349.32666667
6357,1879964.22
6358,4052424.3933333335
6359,8380381.293333333
6360,10368299.003333334
6361,101095270.97
6362,4397650.196666666
6363,15249499.203333333
6364,5963710.4366666665
6365,205200706.33666667
6366,34140760.11333334
6367,9608541.04
6368,97280563.04
6369,24058608.6
6370,294516024.32
6371,1959324.7066666668
6372,73828598.70666666
6373,690887.5833333334
6374,3547549.89
6375,61876347.02666666
6376,15853159.506666666
6377,4271608.63
6378,4359955.516666667
6379,219471463.69333333
6380,15845346.463333333
6381,892526271.3833333
6382,40225630.21
6383,53138489.583333336
6384,74501395.70666666
6385,34959823.75333333
6386,288704764.08666664
6387,1898285.55
6388,8511859.43
6389,1583649.24
6390,83491771.12
6391,2900589.276666667
6392,6543903.58
6393,284084932.47
6394,223876298.64666668
6395,546451.8666666667
6396,11626603.423333334
6397,2613636.2933333335
6398,12777876.033333333
6399,1184453.6266666667
6400,7101008.58
6401,8747404.073333334
6402,27957029.093333334
6403,1074849.9166666667
6404,15164584.736666666
6405,3500575.34
6406,6364680.63
6407,7468927.806666667
6408,11187256.623333333
6409,106053548.15
6410,5581797.843333334
6411,5205868.47
6412,69702837.75
6413,11279119.553333333
6414,709070952.7066667
6415,3098730.0933333333
6416,1829985.1666666667
6417,136933658.06333333
6418,40182990.986666664
6419,25644535.316666666
6420,29025516.166666668
6421,35626077.233333334
6422,65657.34
6423,18629029.63
6424,100017601.06
6425,39114626.02666666
6426,12891553.8
6427,8940397.7
6428,2318959.0833333335
6429,22668677.166666668
6430,52990931.31
6431,143848912.06
6432,133585117.04666667
6433,18619125.73666667
6434,2659713.4433333334
6435,36245087.31333333
6436,27559594.406666666
6437,17455053.31
6438,22854052.183333334
6439,16375280.08
6440,54347495.04333334
6441,14332409.726666667
6442,8407449.17
6443,13103581.52
6444,452060.5333333333
6445,454328007.2866667
6446,263098169.33333334
6447,19109049.663333334
6448,294196.2966666667
6449,36903669.31
6450,10051041.85
6451,3777846.453333333
6452,63924210.77333333
6453,97820923.97333333
6454,84186590.46666667
6455,39331388.343333334
6456,32915115.93
6457,90944407.83333333
6458,4917440.1466666665
6459,27534913.523333333
6460,169970676.11333334
6461,211820985.59333333
6462,126558276.57
6463,306862.04
6464,16691616.32
6465,14596588.69
6466,23595663.03
6467,12054361.35
6468,2819410.1733333333
6469,4868151.496666667
6470,1432762.34
6471,3712600.6133333333
6472,130212327.37666667
6473,10623724.78
6474,5099183.2
6475,2691987.1933333334
6476,333177728.61
6477,33852518.60666667
6478,13513008.403333334
6479,541132175.4
6480,38827847.67333333
6481,99010227.87
6482,1385497.9566666668
6483,4012562.5733333332
6484,176729183.68333334
6485,97470998.49666667
6486,206559.27
6487,87471505.47666667
6488,30255950.43
6489,6287889.38
6490,2491806.0833333335
6491,5422923.76
6492,17976697.473333333
6493,95904062.27666667
6494,97381372.4
6495,13959535.716666667
6496,393913754.7966667
6497,217265276.48666668
6498,103822758.03333333
6499,19140377.55
6500,4118719.453333333
6501,4609056.446666666
6502,143286001.84
6503,7623138.923333333
6504,12048716.463333333
6505,2171498.7866666666
6506,11872195.72
6507,9879251.86
6508,68277109.55333333
6509,11631370.76
6510,23782426.14
6511,4360150.5
6512,7372488.8133333335
6513,12218353.583333334
6514,9945830.6
6515,504599668.5566667
6516,129481435.02
6517,1774634.25
6518,31399291.293333333
6519,205043347.78333333
6520,9467699.636666667
6521,119411342.24666667
6522,42400652.71666667
6523,97510033.11333333
6524,28151404.623333335
6525,71432866.68
6526,331420460.67
6527,562110.83
6528,836253.62
6529,12195339.116666667
6530,109743674.53333333
6531,2285282.3433333333
6532,25063816.89
6533,1117967.6
6534,411283983.46
6535,6463391.41
6536,40299017.42333333
6537,53851096.35666667
6538,60891535.68
6539,255580532.39
6540,124631158.63666667
6541,94910517.82
6542,178337749.01666668
6543,175217.20333333334
6544,23126256.873333335
6545,13544902.1
6546,539585057.13
6547,1912782.1466666667
6548,41275241.13333333
6549,144414975.09
6550,129416229.80333333
6551,70590693.32666667
6552,1157213.75
6553,603816.3866666667
6554,19931352.65
6555,35011950.77333333
6556,38716861.75333333
6557,13119700.116666667
6558,168696484.22333333
6559,25269863.98666667
6560,229938110.15
6561,1774572.5733333332
6562,143786294.31333333
6563,15951327.463333333
6564,39731236.31333333
6565,10353873.37
6566,29236918.08
6567,8015190.03
6568,39538780.00666667
6569,1678162.4033333333
6570,81476507.36666666
6571,15334916.136666667
6572,84571.20666666667
6573,24209171.833333332
6574,42111474.50333333
6575,736484.3766666667
6576,31046812.876666665
6577,6331589.876666667
6578,85143428.44666667
6579,15582461.263333334
6580,3377286.33
6581,51372086.22333334
6582,657658.51
6583,1782748.0466666666
6584,2068240.0333333334
6585,37143099.98
6586,52202821.836666666
6587,69896436.38666667
6588,4797221.023333333
6589,37402309.67333333
6590,188201421.31333333
6591,11226085.363333333
6592,102693804.56333333
6593,59885842.836666666
6594,142827847.5
6595,114054.66666666667
6596,195647463.77333334
6597,301148.2866666667
6598,22715685.55
6599,10332701.546666667
6600,65420168.016666666
6601,106933199.77666667
6602,607468053.6366667
6603,43549804.12
6604,9239669.046666667
6605,140335306.84666666
6606,1286965.9833333334
6607,93710012.32333334
6608,199074.04333333333
6609,8190348.94
6610,27399711.676666666
6611,11906490.653333334
6612,849115313.7066667
6613,16962641.606666666
6614,174745677.98666668
6615,3927999.7266666666
6616,110910620.68666667
6617,52596687.586666666
6618,38989115.54333334
6619,7169470.466666667
6620,3487663.296666667
6621,30216438.55
6622,63874045.99666667
6623,170086935.45333335
6624,150598165.92333335
6625,133619334.43
6626,67113290.36
6627,110101490.50666666
6628,59110.57
6629,6892716.833333333
6630,2236726.56
6631,178118.05666666667
6632,6807935.94
6633,3392467.15
6634,7978965.56
6635,5349042.67
6636,140183839.44
6637,71844298.47666667
6638,1355762.21
6639,3849033.85
6640,17088824.57
6641,144996489.76666668
6642,210217661.62333333
6643,1368414.89
6644,2705320.183333333
6645,48697219.483333334
6646,23137091.25
6647,955279.4833333333
6648,51973112.21
6649,2421027.6166666667
6650,5688042.093333334
6651,16056308.473333333
6652,1044868.7666666667
6653,65251358.916666664
6654,115321733.19
6655,9831971.193333333
6656,22555448.746666666
6657,89045022.11
6658,9910545.31
6659,1972311.2233333334
6660,2494085.0966666667
6661,927665.7166666667
6662,32534688.773333333
6663,450917498.05
6664,6355209.836666667
6665,317333.42
6666,16291286.233333332
6667,249519956.71666667
6668,18738975.576666668
6669,37464715.35666667
6670,34138194.53666667
6671,57939808.803333335
6672,24877553.41
6673,76302765.7
6674,602047501.7066667
6675,79224224.90333334
6676,5333309.656666666
6677,1805804.5266666666
6678,7164409.873333333
6679,448310595.39666665
6680,32594489.833333332
6681,608181420.76
6682,115877610.06
6683,60652986.37
6684,258100.61666666667
6685,6367171.613333333
6686,21245182.84
6687,68786387.41333333
6688,938396.54
6689,125574067.17333333
6690,328347835.8333333
6691,6094978.87
6692,291387462.02666664
6693,58331863.736666664
6694,66046783.57333333
6695,75650546.88666667
6696,195569082.33
6697,5788356.503333333
6698,42818976.45666666
6699,205152423.39333335
6700,211086049.64333335
6701,60082190.986666664
6702,30840436.906666666
6703,4474738.04
6704,2151020.1633333336
6705,41291706.76
6706,32861293.1
6707,35126539.81
6708,24728079.516666666
6709,1331460.71
6710,137650520.86333334
6711,45624424.12
6712,138209240.90333334
6713,2296506.1
6714,677343.3566666667
6715,4152862.7466666666
6716,52818784.85666667
6717,314688659.61333334
6718,4217918.806666667
6719,18807734.55
6720,2052363.5733333332
6721,31875579.02
6722,2132322.09
6723,101792908.52333333
6724,18462217.653333332
6725,3137951.703333333
6726,53987440.016666666
6727,16974221.033333335
6728,34148471.35666667
6729,18003453.456666667
6730,12541645.193333333
6731,3557328.67
6732,7096029.263333334
6733,157480625.87
6734,5988185.426666667
6735,83147792.82
6736,5022664.79
6737,817003.3466666667
6738,17410770.80666667
6739,32231371.066666666
6740,847789.8266666667
6741,2069905.2166666666
6742,64868479.52666666
6743,144877551.47666666
6744,38156107.18666667
6745,2337012.5033333334
6746,84400920.38666667
6747,5519583.25
6748,219931.00666666665
6749,7873094.403333333
6750,1838164.7133333334
6751,22028851.116666667
6752,159227228.49
6753,12266101.796666667
6754,82389950.58
6755,5160366.093333334
6756,188313980.69666666
6757,52629956.583333336
6758,12081965.293333333
6759,157110199.85
6760,30162189.09
6761,5194752.656666666
6762,1156265.76
6763,41151082.126666665
6764,7924322.046666667
6765,98471018.56
6766,622453.6033333334
6767,30530374.493333332
6768,152378217.52333334
6769,31677611.583333332
6770,21784711.583333332
6771,6298875.42
6772,9654586.906666666
6773,22356849.783333335
6774,193210695.58
6775,379860815.7033333
6776,1052460.8466666667
6777,21552696.48
6778,41420309.89666667
6779,86449133.38
6780,100054715.99
6781,2346341.74
6782,226909869.94333333
6783,16283050.99
6784,3102870.64
6785,61117587.75666667
6786,5172328.783333333
6787,14702442.126666667
6788,2524504.1433333335
6789,575940.1966666667
6790,2289195.75
6791,49511139.06333333
6792,531941590.1533333
6793,45198002.38
6794,14902041.786666667
6795,7508851.143333334
6796,926764510.8166667
6797,18908953.48
6798,25790651.523333333
6799,3343722.8066666666
6800,94811817.2
6801,471686475.2733333
6802,39651542.836666666
6803,153727675.32666665
6804,2744576.81
6805,62853799.25333333
6806,3291964.9266666668
6807,24022224.49
6808,2333534.6633333336
6809,20089256.636666667
6810,14123609.746666666
6811,64607443.36333334
6812,10771120.473333333
6813,129036579.96333334
6814,874884.6033333334
6815,6386881.226666667
6816,6094301.273333333
6817,619880.83
6818,437270.23
6819,107983001.02333333
6820,195574667.79333332
6821,16816845.953333333
6822,19855546.936666667
6823,100800461.67333333
6824,182103575.02
6825,44266597.31333333
6826,17848855.94
6827,2087141.0733333332
6828,115602.72666666667
6829,4703161.846666667
6830,25234351.55666667
6831,65715004.81666667
6832,21953354.96
6833,12778737.706666667
6834,4359110.18
6835,96741375.04
6836,2143192.6133333333
6837,137804614.65333334
6838,3329035.21
6839,5737141.31
6840,12838240.68
6841,16664008.123333333
6842,5996154.163333333
6843,18035475.213333335
6844,213495723.00666666
6845,155197991.64666668
6846,83784405.57333334
6847,3591884.4833333334
6848,27970957.87
6849,5797069.06
6850,60880646.04333334
6851,192244723.60333332
6852,14428419.4
6853,5079604.45
6854,89125890.13333334
6855,33240809.71
6856,4404844.47
6857,18802692.216666665
6858,2903157.1033333335
6859,36071255.46
6860,20538658.983333334
6861,20367884.796666667
6862,44476115.46
6863,297221960.79
6864,4208453.083333333
6865,1638218.2066666668
6866,108327503.56
6867,109717530.12
6868,1126547879.2566667
6869,36043465.59
6870,1008675.6166666667
6871,160884131.78333333
6872,910370.5433333333
6873,18366069.38
6874,156940913.71333334
6875,8532434.323333334
6876,40886657.333333336
6877,15582692.546666667
6878,5103661.216666667
6879,4328240.026666666
6880,1207817.7833333334
6881,3811439.99
6882,29957507.286666665
6883,108853276.89
6884,66274713.05
6885,6783425.67
6886,2215270.6666666665
6887,42731515.74
6888,77745162.06
6889,573202.1733333333
6890,33987267.31333333
6891,62628386.13333333
6892,199432629.79
6893,248282036.98666668
6894,17083075.383333333
6895,3374928.3433333333
6896,3833227.8666666667
6897,4139233.93
6898,2001869.5966666667
6899,5336808.246666667
6900,27734406.596666668
6901,37612481.57333333
6902,3801520.51
6903,8401954.083333334
6904,243231870.78666666
6905,45995211.71666667
6906,128689942.21
6907,29752679.093333334
6908,12328501.65
6909,279665.58
6910,21344732.026666667
6911,11266304.07
6912,6878639.593333334
6913,601180704.92
6914,625832877.5533333
6915,33164504.53
6916,10537093.593333334
6917,871295021.6366667
6918,17943867.046666667
6919,5379638.373333333
6920,199184094.12666667
6921,445023937.2733333
6922,5562665.956666667
6923,5737854.07
6924,825016.55
6925,6009533.343333334
6926,16911969.956666667
6927,259097.26333333334
6928,36137113.98
6929,31509406.076666668
6930,206211697.49333334
6931,8768981.69
6932,3041888.0166666666
6933,11145836.806666667
6934,172304435.46
6935,835797.22
6936,3856250.67
6937,116089831.23
6938,1645695.78
6939,9593173.713333333
6940,154758108.39333335
6941,109185077.95333333
6942,69820098.34333333
6943,5432316.013333334
6944,164624528.92333335
6945,18854268.08
6946,51908933.18
6947,11133126.65
6948,20712748.57
6949,125128300.42
6950,378619559.48333335
6951,347152.80333333334
6952,9675093.546666667
6953,17864071.3
6954,6973740.046666667
6955,64988112.623333335
6956,6353812.63
6957,4334316.553333334
6958,496207.58666666667
6959,1360888.9966666666
6960,24257060.213333335
6961,14995614.096666666
6962,125392620.33333333
6963,10045578.346666666
6964,18751473.56
6965,4207103.823333333
6966,41542576.43
6967,248504118.53666666
6968,339297.03
6969,1263373.6233333333
6970,3510758.1633333336
6971,202659624.65333334
6972,308955.19666666666
6973,35664620.45333333
6974,140399903.95666668
6975,27122341.226666667
6976,24428641.86
6977,3950015.4233333333
6978,229697.99333333335
6979,72098291.83
6980,4169402.1933333334
6981,7096511.026666666
6982,179641543.74
6983,3612217.79
6984,79096265.28666666
6985,256518033.89666668
6986,33235189.436666667
6987,5022258.89
6988,39571703.99
6989,2177309.3566666665
6990,190077194.13
6991,8099496.183333334
6992,1623531.75
6993,7954740.95
6994,2087459.4066666667
6995,17420017.003333334
6996,85630836.82666667
6997,1154077.58
6998,10600500.113333333
6999,101363715.49333334
7000,2915423.5166666666
7001,7989983.216666667
7002,9306328.58
7003,21956424.666666668
7004,10279996.82
7005,15236982.52
7006,656587.2033333334
7007,11497009.843333334
7008,73962375.05666667
7009,16992135.98666667
7010,2528251.283333333
7011,9814848.44
7012,5710286.166666667
7013,5669611.886666667
7014,1422179.7966666666
7015,158060989.20333335
7016,379417075.22333336
7017,16858831.023333333
7018,12151876.793333333
7019,111160179.13666667
7020,28584920.686666667
7021,70258827.31666666
7022,83919799.38333334
7023,90242886.33666667
7024,5664484.4366666665
7025,8211213.276666666
7026,331592465.47
7027,60029941.593333334
7028,9567603.146666666
7029,181526847.41666666
7030,40706715.306666665
7031,40296840.87
7032,24629149.93
7033,8901077.273333333
7034,768514.7233333334
7035,15752842.166666666
7036,1427468.64
7037,23410498.85
7038,2836474.12
7039,112928741.15
7040,3692925.1466666665
7041,127310458.75333333
7042,158338345.93666667
7043,163704.70666666667
7044,17121645.166666668
7045,32621335.19
7046,71850451.78666666
7047,242961923.11
7048,17379606.14666667
7049,24153650.096666668
7050,115861.31333333334
7051,13892942.33
7052,74428807.17666666
7053,8598444.613333333
7054,86693390.63666667
7055,83877443.18
7056,368015885.29
7057,19470465.586666666
7058,4911775.79
7059,71336440.22
7060,14263280.55
7061,22038977.83
7062,86704802.95666666
7063,764030.0933333334
7064,148867418.62333333
7065,24162398.823333334
7066,8411831.643333333
7067,569777.8533333334
7068,91768933.45333333
7069,6297047.383333334
7070,248677210.94
7071,206624738.80333334
7072,337074.37666666665
7073,13961900.866666667
7074,1684600.6066666667
7075,74204376.90666667
7076,94536241.24
7077,35317700.376666665
7078,69264992.58333333
7079,14466807.48
7080,5155857.15
7081,1115723.64
7082,2664243.1566666667
7083,633275.2466666667
7084,83122803.03
7085,8873225.28
7086,569945.4166666666
7087,181213460.14666668
7088,70104680.85
7089,520368.19666666666
7090,11653131.92
7091,14845300.586666666
7092,504599668.5566667
7093,44699147.916666664
7094,38639527.63666666
7095,2865006.2666666666
7096,21545205.30666667
7097,160802039.15666667
7098,83751357.59666666
7099,83974658.36666666
7100,6979428.616666666
7101,40771396.843333334
7102,1740076.7733333334
7103,6589776.886666667
7104,782888.73
7105,129631149.48333333
7106,40787150.803333335
7107,27265774.173333332
7108,21602423.876666665
7109,33359624.183333334
7110,254600.91666666666
7111,16100999.246666666
7112,236076523.21666667
7113,128967478.29
7114,16401639.496666666
7115,23929224.69
7116,18547995.48
7117,1221725.55
7118,19854027.106666666
7119,106183694.88
7120,1061491.48
7121,3012913.2
7122,1266746.2633333334
7123,1022369.84
7124,510031248.0233333
7125,41656197.60333333
7126,355068696.2033333
7127,25332048.206666667
7128,4577765.193333333
7129,7031831.346666667
7130,15964090.863333333
7131,65694003.85
7132,32683774.613333333
7133,177919831.18666667
7134,69789746.89
7135,60156705.39333333
7136,57692750.97
7137,15756207.413333334
7138,11477306.923333334
7139,880307.3033333333
7140,124829311.17333333
7141,861918.7266666667
7142,8951076.81
7143,116640166.85333334
7144,1789684.0233333334
7145,18350643.673333332
7146,813717.74
7147,27736658.676666666
7148,141480399.71
7149,20834598.753333334
7150,13853578.15
7151,16086725.18
7152,94490122.00333333
7153,3114740.7666666666
7154,84145181.26333334
7155,239224730.25333333
7156,23414620.863333333
7157,107715154.17666666
7158,1577567.8366666667
7159,902983.28
7160,1454309.1566666667
7161,66784643.5
7162,365142275.9766667
7163,23592045.243333332
7164,261518.61
7165,174843009.65666667
7166,5730772.433333334
7167,1480710.2166666666
7168,3808273.9033333333
7169,5071191.453333333
7170,63237863.166666664
7171,4460437.923333333
7172,12979004.07
7173,17351631.093333334
7174,1322138.4233333333
7175,1454854.5233333334
7176,63638943.68
7177,55447896.78
7178,27361534.496666666
7179,139337464.00333333
7180,1619447.73
7181,6456745.496666667
7182,94311432.68666667
7183,299104.01666666666
7184,1325603345.92
7185,22191952.186666667
7186,27114221.063333333
7187,89732914.77333333
7188,76875983.56
7189,50115339.163333334
7190,5244618.82
7191,67612.44666666667
7192,20222235.076666668
7193,69905164.68333334
7194,500665785.21666664
7195,12460048.683333334
7196,19699466.163333334
7197,15990409.84
7198,14795856.4
7199,12545241.58
7200,132181465.89333333
7201,6735408.036666667
7202,30119178.223333333
7203,7819487.933333334
7204,57560255.67666667
7205,179115374.05666667
7206,89771336.68333334
7207,374680581.59
7208,10358153.5
7209,7042450.403333333
7210,386913.81333333335
7211,1152076.6566666667
7212,183759204.62333333
7213,27031809.10333333
7214,407396737.06666666
7215,233525544.9
7216,119592597.80333333
7217,2504064.743333333
7218,28375339.073333334
7219,10252511.34
7220,62424934.20666666
7221,18627660.6
7222,79527434.36
7223,6548411.453333333
7224,9310316.88
7225,335031.17333333334
7226,69580734.76666667
7227,104131989.67666666
7228,21756648.64
7229,20944360.766666666
7230,5026066.166666667
7231,12271518.836666666
7232,197499026.86
7233,144623758.59
7234,316684039.6766667
7235,48729802.513333336
7236,148189364.26333332
7237,10274409.806666667
7238,6082086.86
7239,1164108513.2366667
7240,4247445.04
7241,205570623.09666666
7242,61337366.34
7243,14863294.5
7244,48195653.61
7245,1638307.5
7246,10274485.05
7247,192118949.93333334
7248,41514419.93666667
7249,4826228.356666666
7250,556184.64
7251,31435080.803333335
7252,15240780.023333333
7253,17528394.333333332
7254,87373542.39666666
7255,2157494.5566666666
7256,22089242.436666667
7257,4531552.73
7258,25862021.35
7259,14454059.21
7260,244665.46666666667
7261,591201105.2866666
7262,66485.96666666666
7263,85497653.11
7264,3854683.78
7265,59571766.11
7266,133030720.59666666
7267,5268583.876666667
7268,6913734.903333333
7269,222335932.67666668
7270,324159688.6333333
7271,4267754.02
7272,53831197.11666667
7273,2972481.1
7274,9767025.01
7275,40171993.416666664
7276,1026305.1066666667
7277,601516426.6633333
7278,385708488.7033333
7279,190528438.35333332
7280,93681671.32
7281,70740451.11333333
7282,33158617.85
7283,172811360.69
7284,776105.0666666667
7285,69201816.99333334
7286,308419574.75666666
7287,4730386.236666666
7288,20042116.57
7289,131110885.88333334
7290,18975545.69333333
7291,38148738.21333333
7292,4325111.726666667
7293,24512605.39
7294,19402148.84
7295,71410385.94333333
7296,471932.74666666664
7297,60229937.266666666
7298,2626717.3
7299,4776743.58
7300,3456727.6333333333
7301,43482634.97
7302,1859106.4733333334
7303,2677727.8366666664
7304,25114129.506666668
7305,5360339.443333333
7306,543881207.34
7307,551466.25
7308,2962782.02
7309,42667922.666666664
7310,11667369.363333333
7311,10469064.946666667
7312,84089858.47333333
7313,180912609.91
7314,8899849.833333334
7315,8110443.43
7316,8099010.566666666
7317,17374063.07
7318,105666828.56333333
7319,5531116.07
7320,394184998.56333333
7321,680968.5633333334
7322,2878941.6133333333
7323,54775613.07666667
7324,6044522.53
7325,327957598.47333336
7326,229821615.16666666
7327,5590746.47
7328,36761474.84
7329,150787631.14666668
7330,331454605.37333333
7331,184990695.62
7332,40971097.94
7333,71920875.28333333
7334,154136356.65
7335,58782184.3
7336,31089728.03
7337,23139704.923333332
7338,31136342.82
7339,28661706.67
7340,9299041.573333334
7341,96774.34666666666
7342,102273662.92
7343,2202256.8133333335
7344,5096443.426666667
7345,7890104.473333334
7346,10025283.286666667
7347,8608381.28
7348,5638661.44
7349,36008454.42666667
7350,12763869.586666666
7351,40297399.47333334
7352,1305867.4766666666
7353,6748997.59
7354,564769.91
7355,51683414.85333333
7356,38539492.67666667
7357,10699635.383333333
7358,24022112.14
7359,60763886.92333333
7360,80016633.00333333
7361,2253637.5733333332
7362,178742573.69666666
7363,1019058698.58
7364,775419.5866666667
7365,54547054.1
7366,28655410.253333334
7367,5791155.033333333
7368,19203845.893333334
7369,33766200.626666665
7370,120383626.44
7371,1397377.29
7372,126356188.06666666
7373,345711587.96666664
7374,39341265.71333333
7375,97361843.90666667
7376,644326.8366666667
7377,32647132.79
7378,180181412.92
7379,94991073.27
7380,8759470.206666667
7381,13794759.883333333
7382,13716756.02
7383,551465.5333333333
7384,13513367.53
7385,24564006.473333333
7386,52629080.02
7387,690593.8
7388,1163575.65
7389,502716.2166666667
7390,328146.03
7391,12765683.916666666
7392,14716245.02
7393,602276444.9266666
7394,85458494.99
7395,50082918.49
7396,35684993.9
7397,130169516.46
7398,6521581.043333333
