id,revenue
3001,22332236.35333333
3002,8047389.376666667
3003,18050282.483333334
3004,15345973.023333333
3005,5491973.58
3006,13346749.956666667
3007,2032933.31
3008,70911721.49666667
3009,41618161.99
3010,226447614.54666665
3011,440462.1533333333
3012,226981.08333333334
3013,61639482.62
3014,1864164.2133333334
3015,23882397.926666666
3016,801327.9566666667
3017,97503510.85666667
3018,225702783.93666667
3019,19380254.313333333
3020,781039423.1533333
3021,58395025.38
3022,112368984.04333334
3023,1641499.52
3024,23269475.48666667
3025,190977.30666666667
3026,131099274.41666667
3027,12904536.226666667
3028,89677349.52
3029,629658.76
3030,66215750.00333333
3031,6344702.883333334
3032,13028976.993333334
3033,1788745.8933333333
3034,285026.3466666667
3035,7338505.64
3036,25143199.61
3037,85057746.59666666
3038,88618358.60333334
3039,23928025.783333335
3040,5321262.406666666
3041,5076724.026666666
3042,1548785.6566666667
3043,7951901.513333334
3044,5821964.723333334
3045,502753635.1666667
3046,10167488.066666666
3047,13828240.55
3048,39379765.63666666
3049,20996233.78
3050,29341228.186666667
3051,1299334.17
3052,45043756.416666664
3053,409459.32666666666
3054,6967096.066666666
3055,81097392.49333334
3056,459473.91333333333
3057,160250274.98
3058,947211681.9566667
3059,1102842.5666666667
3060,103411871.56
3061,40362957.266666666
3062,51034950.98
3063,95845697.34666666
3064,93912703.66
3065,45253931.55
3066,158698115.37333333
3067,3388616.8966666665
3068,61717335.52333333
3069,309316738.74
3070,422633.79
3071,2423817.37
3072,710723370.5733334
3073,1719617.26
3074,1284147.3833333333
3075,7836442.16
3076,113976047.51333334
3077,41807517.53
3078,173881807.44666666
3079,40050406.20333333
3080,167545590.2
3081,78364254.97333333
3082,10120583.616666667
3083,7426672.773333333
3084,1819271.03
3085,9804330.87
3086,127735196.53
3087,83115.38333333333
3088,687832.0366666666
3089,571811.23
3090,27182208.493333332
3091,19511938.27
3092,3504674.4233333333
3093,163259228.83
3094,187994122.50333333
3095,43082923.53666667
3096,2080408.37
3097,987811757.77
3098,12537414.363333333
3099,108529045.74666667
3100,6515782.33
3101,16624521.823333334
3102,19155413.823333334
3103,1625284.0533333332
3104,3948858.973333333
3105,106612197.10666667
3106,57526289.71666667
3107,36063419.42333333
3108,17894029.086666666
3109,18487193.543333333
3110,522132613.03
3111,986348.44
3112,514136.87333333335
3113,14404975.983333332
3114,11131444.803333333
3115,14881248.696666667
3116,16651890.976666667
3117,512425.99
3118,5799008.15
3119,207288790.98
3120,284980944.09
3121,2036870.4433333334
3122,7063715.096666667
3123,8130214.613333333
3124,729781.0533333333
3125,940598.4433333334
3126,153275617.77333334
3127,12066087.08
3128,23877784.116666667
3129,225087697.18666667
3130,18264178.13
3131,9035749.59
3132,5162722.543333333
3133,7304327.036666667
3134,14513512.023333333
3135,1174016.58
3136,3765319.013333333
3137,190862204.16333333
3138,595632.98
3139,40314495.68
3140,156079397.8
3141,3938009.046666667
3142,4524567.766666667
3143,161042899.36
3144,10793199.873333333
3145,225337080.69
3146,3545503.92
3147,22268133.373333335
3148,4238332.5633333335
3149,65248394.71
3150,61453054.38333333
3151,12693292.453333333
3152,4250154.286666667
3153,6102090.756666667
3154,29168773.973333333
3155,17477446.48666667
3156,6316810.79
3157,14224569.476666667
3158,129765036.87666667
3159,11601774.496666666
3160,23717490.43
3161,339394.33
3162,5423966.41
3163,155572961.23666668
3164,10234836.343333334
3165,270358.07
3166,791381.7433333333
3167,79121784.76333334
3168,1163052.91
3169,53496446.99
3170,21560946.19
3171,80132966.36333333
3172,49320128.68333333
3173,155150.56333333332
3174,4684214.656666666
3175,16416489.16
3176,20463661.233333334
3177,78001851.51
3178,6031134.226666667
3179,12504074.456666667
3180,8221439.023333333
3181,877018.68
3182,520200177.1666667
3183,23464289.926666666
3184,27851322.936666667
3185,54227520.02666666
3186,40880823.10666667
3187,10752563.14
3188,13140149.71
3189,76043310.08
3190,20942106.023333333
3191,13578851.056666667
3192,13307713.566666666
3193,335407147.29
3194,76898362.03333333
3195,31666.866666666665
3196,7492835.173333333
3197,27241740.783333335
3198,105045135.21
3199,350584537.62333333
3200,11215764.206666667
3201,4121096.2666666666
3202,14600031.76
3203,552644.4233333333
3204,4514828.25
3205,1458212.97
3206,25399528.373333335
3207,28753488.323333334
3208,3753459.29
3209,6862405.446666666
3210,516478917.1766667
3211,651063.5533333333
3212,41086398.32333333
3213,130896861.32333334
3214,9404466.44
3215,3349421.1
3216,6517429.766666667
3217,400314790.87
3218,9667494.736666666
3219,5468344.95
3220,216895662.03333333
3221,10688609.063333333
3222,3200847.9433333334
3223,21913335.51
3224,4200829.1466666665
3225,4236388.516666667
3226,2249879.4633333334
3227,94514016.43333334
3228,133394175.72
3229,124496856.21
3230,27098511.956666667
3231,58147062.49666667
3232,33794448.99333333
3233,639724.87
3234,24668576.77
3235,69578268.75666666
3236,533591.8733333333
3237,30527443.98666667
3238,3210838.99
3239,314444.98333333334
3240,386657785.89
3241,5493606.516666667
3242,10230783.633333333
3243,3427442.263333333
3244,6128333.893333334
3245,897670.1433333333
3246,41454376.3
3247,26124494.633333333
3248,57205570.086666666
3249,16028223.116666667
3250,421337002.82666665
3251,1796160.52
3252,9186427.743333334
3253,52586634.99
3254,2330754.6766666668
3255,95765.04666666666
3256,21664200.926666666
3257,14477384.923333334
3258,162816566.14666668
3259,44217348.82
3260,1464131.5966666667
3261,701401514.3
3262,20745016.386666667
3263,1587697.53
3264,408192.11666666664
3265,331898.3566666667
3266,347512.24666666664
3267,25036157.55
3268,563496.7233333334
3269,34155378.96
3270,93879072.99
3271,7252020.536666667
3272,3268215.553333333
3273,14729801.323333334
3274,405838578.81666666
3275,51885734.153333336
3276,2974554.0433333335
3277,15994071.283333333
3278,94037610.39333333
3279,21324714.966666665
3280,293340596.5733333
3281,493488.6766666667
3282,5413109.506666667
3283,348952575.12
3284,41107669.05
3285,55073733.50666667
3286,279829.62
3287,6214515.593333334
3288,15222523.59
3289,81653509.21
3290,131839069.31
3291,141858031.28333333
3292,375502942.72333336
3293,79576361.57333334
3294,5344237.71
3295,8906492.533333333
3296,4863984.03
3297,5770004.676666667
3298,81337395.82333334
3299,11231739.17
3300,33763394.10333333
3301,190550.80666666667
3302,12881100.52
3303,8921373.703333333
3304,15517144.663333334
3305,54432728.71
3306,471214.9733333333
3307,29314913.45
3308,9228305.99
3309,4518556.566666666
3310,7255754.78
3311,11924286.223333333
3312,12848084.516666668
3313,88587565.06666666
3314,22805016.576666668
3315,132113955.52666667
3316,14228031.346666666
3317,4527894.82
3318,4509351.61
3319,5305986.433333334
3320,22599916.3
3321,11592499.716666667
3322,4464298.486666666
3323,360931796.54333335
3324,6905865.366666666
3325,167186401.48666668
3326,210933188.75
3327,66913550.22
3328,12184696.533333333
3329,10936741.14
3330,205013143.22333333
3331,9426165.703333333
3332,77873777.06666666
3333,279834136.2733333
3334,5655918.706666667
3335,67317604.38333334
3336,19757245.383333333
3337,89270.79
3338,32957317.436666667
3339,1092829.0733333332
3340,155233089.53
3341,20724048.166666668
3342,69886102.70333333
3343,55247883.4
3344,768060.2466666667
3345,999271.2766666666
3346,18215210.893333334
3347,70650.67333333334
3348,19714552.076666668
3349,49452763.20666666
3350,173494093.11
3351,51511923.04666667
3352,7452335.543333333
3353,97576560.47333333
3354,6252289.143333334
3355,545284.3433333334
3356,19129896.083333332
3357,5366152.263333334
3358,19791367.31
3359,38739316.34
3360,21442421.706666667
3361,129938628.36
3362,9587326.753333334
3363,11024105.57
3364,16993802.78
3365,623688.6933333334
3366,116706446.35
3367,197357240.84666666
3368,1101932.1166666667
3369,35246112.56666667
3370,71400075.70666666
3371,50003413.18333333
3372,96745438.84
3373,111346671.60666667
3374,3536256.41
3375,82120902.19333333
3376,14725478.016666668
3377,9310266.516666668
3378,17224485.58
3379,217383229.93666667
3380,34463060.32
3381,13200268.583333334
3382,457067.11
3383,1991462.7033333334
3384,28281923.55666667
3385,137036382.08333334
3386,824465.1033333334
3387,2731727.68
3388,128258448.09666666
3389,1225913996.9966667
3390,10914843.02
3391,9312251.95
3392,15767921.556666667
3393,4052019.053333333
3394,193151135.43333334
3395,161496093.50333333
3396,17445781.636666667
3397,74409.46333333333
3398,432795906.01666665
3399,139740187.71666667
3400,16916049.5
3401,2179663.236666667
3402,1359252.9433333334
3403,280120440.6333333
3404,12445924.67
3405,18337688.33
3406,161287070.43
3407,276248461.75666666
3408,27715676.586666666
3409,389430.8433333333
3410,16620514.306666667
3411,88822671.32
3412,13093533.696666667
3413,32958296.433333334
3414,12538077.093333334
3415,42260850.62
3416,139783609.63
3417,96281847.05666667
3418,91283324.84
3419,169164558.69333333
3420,2664430.16
3421,28176824.84
3422,7232962.123333333
3423,418161979.5
3424,832303.8
3425,2542462.25
3426,15127841.756666666
3427,10919411.923333334
3428,2677874.9433333334
3429,49132980.0
3430,1071146976.06
3431,4127190.4566666665
3432,9272079.113333333
3433,9883673.253333334
3434,16635462.13
3435,351483840.67333335
3436,230068019.87333333
3437,22660168.87
3438,11581123.67
3439,53861798.42333333
3440,51806995.516666666
3441,136385695.29
3442,4720870.733333333
3443,4237505.03
3444,528137.39
3445,82785551.57333334
3446,673315.6666666666
3447,9092421.523333333
3448,41140972.21
3449,5824857.213333333
3450,53567209.443333335
3451,127952443.54333334
3452,24680420.916666668
3453,78504181.94666667
3454,13795154.506666666
3455,14948376.21
3456,162297534.69333333
3457,29412059.983333334
3458,6792418.296666667
3459,871388820.63
3460,18529465.43
3461,6558651.84
3462,15206248.983333332
3463,46494185.86666667
3464,514333.79333333333
3465,77759757.66666667
3466,45050266.34
3467,11789473.563333333
3468,188643332.97666666
3469,45731849.653333336
3470,509030.13666666666
3471,61477423.06
3472,1407195.2566666666
3473,80327005.78666666
3474,37433318.663333334
3475,436259784.0233333
3476,7537963.913333333
3477,36972915.47333334
3478,6638972.466666667
3479,276910231.9433333
3480,15839128.626666667
3481,11947478.376666667
3482,1164520.9866666666
3483,1871610.7733333334
3484,4149054.4166666665
3485,139485828.22666666
3486,158893403.53333333
3487,53106573.3
3488,227293752.99
3489,30758048.81
3490,6346511.37
3491,23976740.376666665
3492,6682621.94
3493,26706190.333333332
3494,1127232.1633333333
3495,143182745.03333333
3496,9543049.16
3497,78596578.92666666
3498,844065.3233333334
3499,32297025.5
3500,559167.0566666666
3501,124071724.89333333
3502,56529794.18
3503,31575305.776666667
3504,88891662.45666666
3505,5327610.636666667
3506,85484958.34333333
3507,271825408.81
3508,14053386.31
3509,11429387.1
3510,27767633.31
3511,66524944.09
3512,214432799.83
3513,6516200.523333333
3514,17692214.233333334
3515,1808251.7366666666
3516,44142495.83
3517,714439866.9533334
3518,20522717.123333335
3519,10947074.666666666
3520,3334159.2266666666
3521,886435.8066666666
3522,18684163.81
3523,16468060.943333333
3524,46912110.96666667
3525,363929388.78
3526,89001575.76
3527,88187443.36333333
3528,1810241.1866666668
3529,543634644.31
3530,34448763.96333333
3531,95309767.83
3532,228315163.93666667
3533,28205879.023333333
3534,159821063.76333332
3535,359661802.16333336
3536,10588735.756666666
3537,84801753.63
3538,50525242.47
3539,34488574.38333333
3540,25027884.283333335
3541,15604918.98
3542,14512356.466666667
3543,601457.6433333333
3544,35179017.016666666
3545,362107.3466666667
3546,6483832.486666666
3547,164246955.17
3548,463255788.48333335
3549,5473678.663333333
3550,349944948.0
3551,278497817.0833333
3552,93366844.99666667
3553,103896314.01
3554,171162783.03666666
3555,182924422.93666667
3556,45869465.56
3557,22911686.9
3558,209150690.15666667
3559,35380801.1
3560,25574911.116666667
3561,101746441.86
3562,1211526.79
3563,4809852.513333334
3564,876011.05
3565,4994207.736666666
3566,124402583.96
3567,8118116.976666667
3568,3910932.986666667
3569,159588596.67
3570,1380897.79
3571,34596321.95666666
3572,204102128.61
3573,6080974.69
3574,16510356.733333332
3575,1766461.9
3576,17651628.58
3577,15130955.226666667
3578,226984288.51
3579,23607909.21
3580,37760435.07333333
3581,15747639.68
3582,90539901.14666666
3583,697589.5233333333
3584,27849409.966666665
3585,35815541.0
3586,35175806.20666666
3587,25008857.926666666
3588,1232786.4566666668
3589,15527132.923333334
3590,31519109.546666667
3591,332083626.96
3592,376969.2233333333
3593,690281.38
3594,18055038.423333332
3595,16213501.153333334
3596,20108185.643333334
3597,20986880.24
3598,35735574.13333333
3599,20501423.53
3600,7561153.5
3601,3895036.3366666664
3602,1798151.09
3603,22292901.39666667
3604,3709310.276666667
3605,147046724.48666668
3606,3320843.92
3607,74977630.62333333
3608,85815305.1
3609,1369594.95
3610,29562993.576666668
3611,695807.7433333333
3612,4335354.79
3613,22258028.433333334
3614,82396080.79
3615,94083985.03333333
3616,17214115.503333334
3617,6604872.48
3618,145691117.8
3619,767717.91
3620,252771274.49666667
3621,130154337.66666667
3622,699074194.0766667
3623,37537664.12
3624,429143.3233333333
3625,747476.4566666667
3626,21336130.593333334
3627,23532791.30666667
3628,471616865.4766667
3629,1039470.7933333333
3630,2918370.32
3631,129060372.78
3632,49136057.47
3633,23507383.246666666
3634,707962.9833333333
3635,3965418.8466666667
3636,13230466.523333333
3637,1905866.9766666666
3638,15216281.926666666
3639,127608727.08666667
3640,396472813.83666664
3641,11145808.986666666
3642,2577946.03
3643,17240866.27
3644,3276890.316666667
3645,25088582.886666667
3646,10707905.566666666
3647,44747303.82
3648,2797549.8533333335
3649,9461661.18
3650,34174825.516666666
3651,502386744.1666667
3652,16177534.736666666
3653,352287344.85333335
3654,17744083.653333332
3655,10567354.506666666
3656,58854597.803333335
3657,465729.25333333336
3658,8691223.28
3659,53026295.54666667
3660,251771405.47666666
3661,20308052.51
3662,39550271.56666667
3663,470957076.3066667
3664,430270.43
3665,1492065.9133333333
3666,8113480.413333333
3667,202639969.88666666
3668,37544447.403333336
3669,2789350.5733333332
3670,42830009.733333334
3671,24241022.023333333
3672,3739177.38
3673,158197856.74666667
3674,24419660.906666666
3675,315397868.86
3676,161569385.60333332
3677,7238501.363333333
3678,31534178.333333332
3679,92631782.65
3680,7131585.713333333
3681,11865537.21
3682,262656318.01
3683,6528508.243333333
3684,111858823.03
3685,163507639.93333334
3686,22309316.176666666
3687,194252582.22333333
3688,5578149.41
3689,697740.4766666667
3690,73781625.71333334
3691,3989938.446666667
3692,2416191.15
3693,160700831.54666665
3694,136706898.93333334
3695,117834494.93
3696,43691239.446666665
3697,42014652.74666667
3698,84250288.25333333
3699,31322355.553333335
3700,29068755.56
3701,44804269.20666666
3702,331100.47
3703,64278456.61666667
3704,71705715.41
3705,954678.86
3706,78595262.72
3707,2164611.296666667
3708,7265627.486666666
3709,239054814.82333332
3710,122146269.58666667
3711,4739603.246666667
3712,47703012.07
3713,28885484.493333332
3714,2867432.45
3715,36233052.99
3716,7781493.55
3717,326833.87
3718,8640007.953333333
3719,61655763.64666667
3720,15354573.753333334
3721,1693924.55
3722,141137982.27333334
3723,720447.5633333334
3724,5244206.316666666
3725,38907512.24333333
3726,19444451.94333333
3727,73187585.51
3728,81831677.05666667
3729,19847917.073333334
3730,51554929.38666666
3731,210186467.67333335
3732,432374.35333333333
3733,231119468.83666667
3734,396962186.57666665
3735,10494893.49
3736,1997248.1466666667
3737,21425717.836666666
3738,301874.69666666666
3739,11097198.653333334
3740,12460521.943333333
3741,2802766.2733333334
3742,159695499.76333332
3743,26412964.526666667
3744,187796862.20333335
3745,29887098.933333334
3746,186315128.61333334
3747,431017.50333333336
3748,2458354.5866666664
3749,2528798.9133333336
3750,1263956.0133333334
3751,9319654.56
3752,1516326.7733333334
3753,15581943.986666666
3754,34286014.88666666
3755,80130879.96
3756,39429899.833333336
3757,351255419.21666664
3758,155156971.58333334
3759,7461362.59
3760,261738169.31666666
3761,101576930.11666666
3762,240890015.55
3763,4681072.44
3764,22782804.303333335
3765,18805411.906666666
3766,1165336.75
3767,13918724.51
3768,16234678.493333334
3769,618632.2766666666
3770,6293217.043333333
3771,43002799.93333333
3772,17586922.836666666
3773,34467185.166666664
3774,16924608.926666666
3775,176501890.93333334
3776,77665220.21333334
3777,398438.16
3778,484868.48333333334
3779,18277656.69333333
3780,435105.50333333336
3781,15910722.046666667
3782,3709879.0633333335
3783,37214284.56333333
3784,14782035.076666666
3785,307384143.6
3786,8029326.046666667
3787,217138594.19666666
3788,526395045.1
3789,16448256.53
3790,893235.2466666667
3791,10868776.966666667
3792,78206.06333333334
3793,794451.8033333333
3794,1076755.5566666666
3795,870839124.24
3796,6675905.35
3797,11458784.506666666
3798,157058601.04666665
3799,10071564.45
3800,1405737.9766666666
3801,89694770.27666667
3802,219372.96666666667
3803,18483643.05666667
3804,440733.63666666666
3805,4914573.823333333
3806,77709498.51666667
3807,3423465.1166666667
3808,3606908.25
3809,48748233.373333335
3810,3290495.3633333333
3811,34817194.49666667
3812,4981909.6
3813,1928482.27
3814,1445866.4866666666
3815,158411886.82666665
3816,136509750.06
3817,241028194.96
3818,121806914.26666667
3819,33607472.51
3820,134260691.95666668
3821,78504847.57666667
3822,9496432.003333334
3823,18356108.04
3824,1358580.1166666667
3825,31022619.016666666
3826,90709971.97333333
3827,330394055.51666665
3828,10759100.143333333
3829,269320.81666666665
3830,31619006.053333335
3831,1791455.5833333333
3832,251519418.10333332
3833,35706692.873333335
3834,11926088.933333334
3835,15429781.05
3836,1028622.7633333333
3837,35904484.873333335
3838,158313809.20333335
3839,8272727.54
3840,27378465.4
3841,14957309.623333333
3842,14800278.696666667
3843,27885059.81
3844,717673.3766666667
3845,560423.4666666667
3846,1809374.3733333333
3847,2416898.5366666666
3848,710389.3766666667
3849,168103522.25666666
3850,25348801.65
3851,19924133.44333333
3852,289793.99
3853,95063488.99
3854,5699501.136666667
3855,514863.9733333333
3856,32737012.776666667
3857,598616575.0066667
3858,423407.67
3859,39994969.68333333
3860,21764220.506666668
3861,75699143.45
3862,18594250.756666668
3863,66456955.35666667
3864,89349491.94666667
3865,96202347.06
3866,9836881.646666666
3867,117364039.07333334
3868,5686121.013333334
3869,41831008.31
3870,165067028.53333333
3871,655994639.2133334
3872,13712759.196666667
3873,16814106.376666665
3874,577718.17
3875,73634407.19333333
3876,1211220.3866666667
3877,66111600.64333333
3878,361972648.6
3879,227120456.39
3880,3132211.72
3881,31356.36
3882,3957913.29
3883,1489896.26
3884,608233689.46
3885,9902236.163333334
3886,37609793.95333333
3887,12946220.416666666
3888,6608844.736666666
3889,37641112.78333333
3890,157586111.59333333
3891,17022723.9
3892,3505701.3933333335
3893,434173080.4066667
3894,132790777.44333333
3895,34433755.946666665
3896,28039157.566666666
3897,16954675.42
3898,17549205.403333332
3899,718716853.34
3900,101698617.01666667
3901,13136545.22
3902,380567.5
3903,15498053.33
3904,11829887.723333333
3905,9227313.416666666
3906,249611040.02666667
3907,20568485.4
3908,12141657.096666666
3909,458454.81333333335
3910,54094291.18666667
3911,1289519.2766666666
3912,12406302.54
3913,102865459.33
3914,27208443.903333332
3915,266173561.95666668
3916,265363.8466666667
3917,21672950.283333335
3918,1495795.13
3919,96899752.64
3920,73794642.02333333
3921,419060.77
3922,11897253.276666667
3923,21252666.226666667
3924,36835290.88666666
3925,285018760.64
3926,3338497.743333333
3927,89248160.28333333
3928,104148465.19333333
3929,20756377.426666666
3930,1306579.8933333333
3931,3721558.74
3932,13272099.163333334
3933,11871219.886666667
3934,88691026.65333334
3935,330291.99666666664
3936,5604374.433333334
3937,206878786.15333334
3938,8293818.666666667
3939,53895744.03333333
3940,984075.0733333334
3941,16008241.52
3942,209628494.05666667
3943,923867609.31
3944,31065160.86
3945,87801780.08333333
3946,1549985.1333333333
3947,58868828.72
3948,2463405.19
3949,36378643.81666667
3950,249552.11333333334
3951,19635131.953333333
3952,92605462.91333333
3953,88470829.88666667
3954,437137811.28
3955,18075573.253333334
3956,140952387.74
3957,12114554.41
3958,10148455.546666667
3959,6974447.333333333
3960,914197.71
3961,124436272.45666666
3962,1973007.8766666667
3963,20937614.08
3964,1022711979.6666666
3965,162484370.41666666
3966,23829957.7
3967,364101584.18
3968,58085021.263333336
3969,11134446.406666666
3970,21380383.003333334
3971,18422690.576666668
3972,32292650.913333334
3973,63174694.986666664
3974,193532.50333333333
3975,80314491.74666667
3976,97823572.92
3977,76522146.91666667
3978,183015043.53333333
3979,31549138.093333334
3980,659430.26
3981,548265.89
3982,17802456.143333334
3983,12379489.766666668
3984,250870655.73
3985,940315.81
3986,911734612.1866666
3987,20485450.45
3988,3837706.3266666667
3989,146076409.16
3990,62517349.486666664
3991,2476704.716666667
3992,29839453.753333334
3993,11159667.423333334
3994,60377366.31333333
3995,17825801.606666666
3996,29360930.253333334
3997,368790.59
3998,173543177.02666667
3999,11314807.22
4000,86596922.77666667
4001,6052724.003333333
4002,234321152.29666665
4003,302012.87666666665
4004,68407277.21666667
4005,418578.75
4006,30537466.266666666
4007,565337.09
4008,8417649.703333333
4009,14967624.673333334
4010,3007153.1266666665
4011,12852020.29
4012,182549054.10333332
4013,70612352.31333333
4014,453981.46
4015,36815777.836666666
4016,17400776.696666665
4017,4034019.53
4018,63260892.99333333
4019,394185963.4066667
4020,37140375.14666667
4021,45819730.91
4022,15125022.686666667
4023,208129170.65666667
4024,79418212.72
4025,625106.9433333334
4026,72296358.47
4027,98511300.09
4028,3106136.4266666668
4029,49613.49333333333
4030,40219950.88666666
4031,112045323.16
4032,451952.4266666667
4033,52020586.806666665
4034,2156377.53
4035,53271222.57333333
4036,6780748.946666666
4037,39900347.8
4038,11374834.02
4039,19182729.993333332
4040,10757025.713333333
4041,2422948.4766666666
4042,40386759.943333335
4043,4247179.17
4044,122179454.55666667
4045,87581025.20666666
4046,37000716.61333334
4047,942646756.38
4048,8595982.76
4049,206118.41
4050,571892.71
4051,404414175.63666666
4052,12614453.75
4053,2882388.1533333333
4054,493476.12
4055,5752270.316666666
4056,12431867.556666667
4057,687453.5233333333
4058,51774566.34
4059,1535496.0566666666
4060,38431234.28
4061,212850680.70666668
4062,22029041.686666667
4063,8124292.91
4064,586353352.16
4065,156195688.31
4066,8513758.62
4067,35955475.10333333
4068,15812428.41
4069,7262427.29
4070,16517032.31
4071,10067534.3
4072,18342873.57
4073,153757221.18
4074,1374031.27
4075,12377890.103333334
4076,87574210.14666666
4077,403272662.08
4078,10342312.563333333
4079,131627261.96333334
4080,6889274.68
4081,11149158.523333333
4082,177523617.2
4083,42387194.52
4084,709472.7533333333
4085,8827943.73
4086,158794182.87
4087,2830628.7533333334
4088,40874970.37
4089,74135031.01666667
4090,3663184.3833333333
4091,97177478.95
4092,143698496.96333334
4093,23556433.73
4094,8994081.046666667
4095,172477474.82333332
4096,8741120.783333333
4097,66361540.096666664
4098,1460399.2933333332
4099,15329961.696666667
4100,56244445.596666664
4101,50233331.95666666
4102,5673160.256666667
4103,41326481.013333336
4104,5191793.206666667
4105,556165.9433333334
4106,16567524.54
4107,1300419.1033333333
4108,21638501.2
4109,383862.65
4110,23739589.563333333
4111,4660775.17
4112,16895395.54
4113,2581633.49
4114,494565940.86
4115,9840296.6
4116,10288738.713333333
4117,18763587.36
4118,47321109.78
4119,84603911.1
4120,2215410.1466666665
4121,16220043.013333334
4122,138510974.13666666
4123,12514909.8
4124,45440171.52666666
4125,26100195.673333332
4126,22017609.006666668
4127,5096741.596666667
4128,21945174.6
4129,2819309.2133333334
4130,9996648.126666667
4131,153944606.88666666
4132,208422548.08333334
4133,33346628.176666666
4134,20244326.416666668
4135,7506486.806666667
4136,837040578.45
4137,8541836.13
4138,50373096.93666667
4139,31386761.10333333
4140,7032192.393333334
4141,4439861.8133333335
4142,34542365.37
4143,21301403.04
4144,3746240.026666667
4145,47156500.42
4146,2160161.8466666667
4147,71797.67666666667
4148,32457987.81
4149,12483107.913333334
4150,2528149.0433333335
4151,4370990.33
4152,44985567.3
4153,84985296.39333333
4154,5101335.83
4155,22930772.293333333
4156,764933.59
4157,1734334.4066666667
4158,3246146.216666667
4159,64424152.24666667
4160,610118981.56
4161,16687021.453333333
4162,26618120.376666665
4163,136975380.91
4164,6475313.6
4165,2790124.946666667
4166,3735167.013333333
4167,80483193.01666667
4168,96489739.36333333
4169,24448134.416666668
4170,14513263.436666667
4171,158533765.06333333
4172,100486459.06333333
4173,3943159.97
4174,840473.5733333334
4175,8516810.133333333
4176,16408008.076666666
4177,414651.0
4178,421481755.68
4179,1993209.68
4180,134952601.9
4181,33352531.98
4182,2682686.3666666667
4183,56718812.10333333
4184,10841453.876666667
4185,1442360.0933333333
4186,15764675.57
4187,29656427.04
4188,6669273.226666667
4189,8429075.17
4190,634794.6333333333
4191,2323634.22
4192,438533.96
4193,334900370.27
4194,248737788.94666666
4195,17118248.12
4196,6565974.833333333
4197,27273659.656666666
4198,713516.1833333333
4199,25162480.58
4200,153848916.25333333
4201,57827994.096666664
4202,188359211.44
4203,12475397.31
4204,34623967.28666667
4205,2513772.8366666664
4206,23988788.183333334
4207,375235750.52666664
4208,466905170.73333335
4209,69634410.35666667
4210,85886477.58333333
4211,17503271.933333334
4212,396429612.72
4213,1947978.6533333333
4214,14059321.686666667
4215,4407565.43
4216,2010476.8366666667
4217,3482553.86
4218,32002169.143333334
4219,11738646.836666666
4220,12078601.816666666
4221,34678.253333333334
4222,9771911.583333334
4223,70229637.3
4224,5161811.926666667
4225,29132132.76333333
4226,29485119.963333335
4227,18914576.433333334
4228,270032.7733333333
4229,69992498.49333334
4230,11914274.373333333
4231,4499736.776666666
4232,17259909.893333334
4233,76004799.27333333
4234,18855562.29
4235,18405547.493333332
4236,4552957.206666667
4237,1735922.3366666667
4238,23522820.743333332
4239,140629404.36
4240,351083364.75666666
4241,219004355.7
4242,21351386.456666667
4243,472395.22
4244,64890519.233333334
4245,4071896.8733333335
4246,5079032.29
4247,76904206.44333333
4248,11273876.003333334
4249,35425590.24666667
4250,23653390.19
4251,627515.27
4252,180021619.80666667
4253,46180548.10333333
4254,109403272.05333333
4255,27260406.29
4256,386068128.78
4257,208343057.39
4258,12406435.336666666
4259,6467811.05
4260,182080285.18
4261,1286907.8033333332
4262,1617003.83
4263,7528838.376666667
4264,544064005.7233334
4265,44648366.903333336
4266,12621627.506666666
4267,14469112.54
4268,7824795.42
4269,16265429.006666666
4270,531566407.62
4271,47204779.04666667
4272,431070.06
4273,25203242.406666666
4274,87105509.12
4275,11676649.006666666
4276,19073207.58
4277,30606840.583333332
4278,15094108.993333334
4279,322785051.16333336
4280,724347.9933333333
4281,1347322.5166666666
4282,112667286.23666666
4283,84146.38666666667
4284,25498297.21
4285,750112.11
4286,910658054.75
4287,8581088.613333333
4288,39634808.913333334
4289,193908193.94666666
4290,43940268.17666667
4291,5105179.9
4292,8157603.586666667
4293,4592704.523333333
4294,128159590.26
4295,191659980.08333334
4296,79713255.45666666
4297,45788759.13333333
4298,4071728.5366666666
4299,12974125.16
4300,46183627.2
4301,6943697.273333333
4302,10836973.666666666
4303,4804670.736666666
4304,10432385.68
4305,32527038.413333334
4306,13704036.56
4307,404835.7733333333
4308,385880.55
4309,94239706.08333333
4310,1108813.7633333334
4311,1879414.4866666666
4312,59527475.28666667
4313,279655242.21
4314,6170713.446666666
4315,183853469.53
4316,310719061.65
4317,2046409.4833333334
4318,44617430.876666665
4319,1173617.3366666667
4320,10671541.156666666
4321,61449011.57333333
4322,2267473.95
4323,9528356.236666666
4324,5162566.38
4325,7524065.866666666
4326,16945740.946666665
4327,80899973.70333333
4328,3056640.5033333334
4329,1699038.2066666668
4330,712387552.75
4331,33281409.426666666
4332,87504732.4
4333,4933822.306666667
4334,101915207.22666667
4335,90470012.52
4336,89687026.5
4337,107236.62666666666
4338,318285255.9633333
4339,82503716.9
4340,21201493.0
4341,16344681.963333333
4342,4517209.423333333
4343,21307517.123333335
4344,220533.37666666668
4345,1803141.8833333333
4346,60896690.77
4347,75462696.5
4348,438905.30333333334
4349,212795418.21
4350,10690834.536666667
4351,601838958.2666667
4352,1729667.3
4353,160659249.38333333
4354,23387283.123333335
4355,23680354.336666666
4356,10654798.213333333
4357,165879168.39666668
4358,8620268.516666668
4359,67907046.94
4360,71432262.37
4361,65387497.02333333
4362,3039538.1233333335
4363,42267962.876666665
4364,32554342.35
4365,796394.1066666667
4366,82960795.28333333
4367,41605235.22
4368,69177809.95333333
4369,24160641.48
4370,128328815.40666667
4371,161468682.69333333
4372,13906646.946666667
4373,12191623.236666666
4374,42422391.64
4375,1726509.3733333333
4376,152656.61333333334
4377,8860063.296666667
4378,67052324.96666667
4379,144202663.94
4380,73359081.37666667
4381,324549447.5233333
4382,276045014.87666667
4383,250450533.42
4384,46962837.31666667
4385,2618034.0866666664
4386,71379967.76
4387,57376783.42
4388,54046542.97333334
4389,342040592.25
4390,18782481.566666666
4391,2012376.5333333334
4392,96289087.52333333
4393,80522406.03666666
4394,33069554.45
4395,25438761.03
4396,31158444.596666668
4397,34707313.71
4398,123067675.16
4399,927157.1666666666
4400,6210995.006666667
4401,77423095.02
4402,9624088.0
4403,14172658.566666666
4404,67346105.64666666
4405,11802437.296666667
4406,865085.8
4407,1569752.7533333334
4408,165196.04333333333
4409,482919.2766666667
4410,13929206.926666666
4411,6725685.816666666
4412,58566642.85
4413,37128044.196666665
4414,71566689.97
4415,5691268.123333333
4416,98778.79
4417,267020866.95666668
4418,2113645.506666667
4419,40196949.24
4420,599918110.1433333
4421,2165941.47
4422,2956143.723333333
4423,5243552.413333333
4424,2378450.6433333335
4425,43312633.54666667
4426,42987512.81666667
4427,35484948.25333333
4428,1748471.8166666667
4429,3824949.6566666667
4430,204915.98333333334
4431,4522699.183333334
4432,208488696.36666667
4433,288174472.24666667
4434,843652863.55
4435,10347318.446666667
4436,31150245.34
4437,4805000.23
4438,1228474.3133333332
4439,11409208.113333333
4440,963250.1733333333
4441,82013026.1
4442,509181.2766666667
4443,841065.2666666667
4444,2685236.27
4445,573024.5633333334
4446,6076857.723333334
4447,172791005.06333333
4448,97753514.69666667
4449,4109264.48
4450,198404775.9
4451,543107828.47
4452,54343234.57333333
4453,6277533.6033333335
4454,197230.48666666666
4455,4701034.946666666
4456,102256238.28666666
4457,1595432.3533333333
4458,2654881.6666666665
4459,202750785.77666667
4460,51193999.02333333
4461,109844767.74333334
4462,66305244.75333333
4463,11451330.636666667
4464,91590813.14333333
4465,4448138.59
4466,2173773.3966666665
4467,25796517.313333333
4468,3672671.7333333334
4469,40327998.53333333
4470,23011804.223333333
4471,1012641.7733333333
4472,166524093.65666667
4473,38474231.31333333
4474,13850651.186666667
4475,998628.63
4476,828458.7466666667
4477,39608681.02333333
4478,1300338.4366666668
4479,1834751.2833333334
4480,85971440.95333333
4481,10148239.956666667
4482,27423832.473333333
4483,8369975.973333334
4484,374968.37333333335
4485,33217195.52
4486,13231768.37
4487,23262225.086666666
4488,82057484.57333334
4489,27071533.25
4490,17527949.866666667
4491,121316567.18666667
4492,5730799.3133333335
4493,9904405.126666667
4494,33984847.03333333
4495,9587521.16
4496,23352042.05
4497,20639580.213333335
4498,31329411.356666666
4499,1674129.5733333332
4500,27990510.53
4501,159675831.66333333
4502,7328607.33
4503,329641252.26
4504,9472746.023333333
4505,1032556.38
4506,101074713.29666667
4507,6547566.343333334
4508,1339961.3266666667
4509,6395513.663333333
4510,3441410.42
4511,203299467.71666667
4512,1347763.9466666668
4513,84490371.68
4514,12045177.21
4515,330206676.61
4516,9974316.7
4517,3629593.3266666667
4518,451585002.87
4519,98974001.80333333
4520,5612732.263333334
4521,15996991.783333333
4522,81853621.55
4523,24954866.573333334
4524,11146896.98
4525,17628406.833333332
4526,7401819.373333333
4527,27590659.266666666
4528,742871.9366666666
4529,1831423.8866666667
4530,11116730.05
4531,5244805.633333334
4532,8243640.743333333
4533,36050798.28333333
4534,788369.8766666667
4535,99858573.24
4536,12461921.496666666
4537,31251205.276666667
4538,65029878.986666664
4539,628606.8133333334
4540,36222859.26
4541,2680547.62
4542,108426733.73
4543,25380013.866666667
4544,5688076.423333333
4545,720204.9366666666
4546,1293636.8333333333
4547,2332330.3533333335
4548,161522137.33666667
4549,2280935.8766666665
4550,12342174.333333334
4551,718551141.2733333
4552,324627574.74333334
4553,12169659.696666667
4554,706363156.81
4555,6278595.823333333
4556,26710132.596666668
4557,63034980.17333333
4558,5980607.546666667
4559,46692941.72666667
4560,78988708.26
4561,26641549.51333333
4562,1545073.5366666666
4563,310204707.81333333
4564,1839765.06
4565,1279748.94
4566,19072761.61
4567,135495637.07666665
4568,3019150.8533333335
4569,5090918.393333334
4570,16643135.046666667
4571,1300604.1866666668
4572,21224847.083333332
4573,49333687.36
4574,79792.89666666667
4575,960804.83
4576,6665356.453333333
4577,15424745.366666667
4578,38329640.88333333
4579,7496518.68
4580,85114362.35666667
4581,2426230.3433333333
4582,77025984.92333333
4583,100363849.14666666
4584,2232697.14
4585,159990661.24
4586,10309685.773333333
4587,4168054.493333333
4588,159028359.70333335
4589,6287395.89
4590,1378993579.65
4591,50417285.35
4592,989732.68
4593,469197.95
4594,24932747.983333334
4595,406659840.23333335
4596,470694985.30333334
4597,17676073.51333333
4598,305773635.14666665
4599,14529973.66
4600,110091172.59333333
4601,60411752.14333333
4602,52889790.02
4603,39298042.82333333
4604,23332702.79
4605,248017246.91333333
4606,183345523.56
4607,35811515.376666665
4608,20811982.043333333
4609,15325131.796666667
4610,220804546.71
4611,129255018.14666666
4612,35861113.39333333
4613,38324091.77666666
4614,33971874.75
4615,1745332.8633333333
4616,473077.6666666667
4617,33009338.586666666
4618,18554878.586666666
4619,8989037.27
4620,8071240.626666667
4621,347440917.9433333
4622,51584496.93333333
4623,57648568.653333336
4624,738797.2766666666
4625,9725173.513333334
4626,6741481.123333333
4627,9533176.256666666
4628,8725374.42
4629,1786196.1466666667
4630,10758297.206666667
4631,8442792.046666667
4632,3002549.973333333
4633,8228169.833333333
4634,1068382.19
4635,465835.0266666667
4636,92455705.89666666
4637,971806.2433333333
4638,3058354.48
4639,479024.99
4640,84691244.68666667
4641,16186101.426666666
4642,12753060.11
4643,101460637.46
4644,1419129.07
4645,14565268.076666666
4646,950092812.4433334
4647,4899290.236666666
4648,17760420.10333333
4649,103417862.03333333
4650,35252861.513333336
4651,82652909.93333334
4652,702786252.88
4653,445470.66
4654,51028743.89666667
4655,71150005.38333334
4656,6650648.463333333
4657,13234141.243333334
4658,65005646.92
4659,2805095.473333333
4660,5339828.066666666
4661,16928100.43
4662,12698980.413333334
4663,13478583.173333334
4664,6861091.463333333
4665,22944577.086666666
4666,40315672.33
4667,237718603.38666666
4668,2647237.59
4669,8370907.626666667
4670,82670343.99
4671,9433860.063333333
4672,502536.3333333333
4673,3610425.16
4674,5376403.696666666
4675,10328563.696666667
4676,5748597.65
4677,36652.886666666665
4678,18152173.323333334
4679,341500.78
4680,1136179.2333333334
4681,11181427.543333333
4682,7228490.053333334
4683,1062799.4766666666
4684,508715.59
4685,38474084.47333334
4686,1640087.3966666667
4687,7721876.223333334
4688,70586852.5
4689,6583583.8
4690,8125787.166666667
4691,8850962.993333334
4692,16233894.74
4693,4441932.1466666665
4694,11892539.99
4695,20377876.30666667
4696,32016367.126666665
4697,152727075.46
4698,6868312.32
4699,1332395.58
4700,170814611.55
4701,321066849.63666666
4702,13568493.07
4703,26204064.93
4704,243278329.61
4705,198710431.21333334
4706,133398916.97333333
4707,2901858.5166666666
4708,16105590.433333334
4709,658521.6666666666
4710,275719001.78
4711,15550132.723333333
4712,444984.7766666667
4713,174388678.89666668
4714,770475.5133333333
4715,1076599.56
4716,1547154.77
4717,16489409.996666666
4718,35032291.196666665
4719,135039921.75
4720,13983367.476666667
4721,1369381.1233333333
4722,72320762.9
4723,8556960.34
4724,146240225.82666665
4725,65085968.086666666
4726,3355122.9833333334
4727,22791873.44
4728,31122774.686666667
4729,76425245.62333333
4730,741141.72
4731,70572599.72333333
4732,585313333.9066666
4733,4996828.386666667
4734,174266077.95666668
4735,32763583.833333332
4736,16681009.6
4737,87417527.24333334
4738,2687213.993333333
4739,60487983.553333335
4740,917682417.3133334
4741,298173.47
4742,116251551.53
4743,504528.43333333335
4744,190616.17666666667
4745,605812370.06
4746,39019326.84
4747,17661701.623333335
4748,60535384.82
4749,8804209.793333333
4750,3197319.3133333335
4751,34990440.56
4752,9550172.693333333
4753,15891629.04
4754,1020094879.12
4755,16058745.463333333
4756,35340175.946666665
4757,357079689.53333336
4758,124474114.71333334
4759,289515704.8333333
4760,6486495.226666667
4761,15031569.79
4762,9800002.553333333
4763,596631.1766666666
4764,461068512.3833333
4765,14735731.52
4766,145204285.36333334
4767,20698125.946666665
4768,78665696.18
4769,32922702.793333333
4770,120583144.66
4771,85161735.16666667
4772,5493012.213333333
4773,4286171.273333333
4774,40305284.266666666
4775,1148496.8466666667
4776,4302486.826666667
4777,404306072.6666667
4778,68263292.86
4779,3301265.736666667
4780,316578500.9633333
4781,320361.25
4782,19735847.346666668
4783,4118665.73
4784,13476373.283333333
4785,14421115.16
4786,38040939.763333336
4787,99274386.66
4788,136917836.65
4789,1981701.28
4790,44378474.45
4791,6403754.883333334
4792,7867040.886666667
4793,63820104.09
4794,4712831.316666666
4795,12595812.07
4796,10553115.27
4797,924340788.6833333
4798,56548779.07333333
4799,25107956.54
4800,32163628.406666666
4801,775556.96
4802,35240411.4
4803,16601824.323333334
4804,3768056.5233333334
4805,102295.38333333333
4806,8249041.263333334
4807,508293.25
4808,12775315.263333334
4809,175002760.87333333
4810,322273.44
4811,15756712.88
4812,360183517.1166667
4813,101722658.81333333
4814,2064015.79
4815,63861242.37
4816,16804870.36
4817,15444618.166666666
4818,13786131.706666667
4819,10990357.716666667
4820,24068497.11
4821,2649565.67
4822,1629297.06
4823,17852259.213333335
4824,38708704.23
4825,44033807.70666666
4826,6811671.96
4827,55846047.22333334
4828,12153028.976666667
4829,57156688.54666667
4830,16870200.98
4831,14407569.333333334
4832,4419306.77
4833,11083671.353333334
4834,5702403.433333334
4835,43260809.52
4836,36654727.60333333
4837,219863146.97666666
4838,60165357.843333334
4839,546334.0066666667
4840,481117481.25333333
4841,417078.36333333334
4842,93820227.54333334
4843,138639373.18666667
4844,1700866.9433333334
4845,51108101.486666664
4846,5441850.906666666
4847,617826598.35
4848,80512796.59666666
4849,264235406.41333333
4850,27722635.2
4851,540119.6566666666
4852,44690058.583333336
4853,194641043.73666668
4854,11011831.586666666
4855,91215926.66
4856,27254322.046666667
4857,4996068.94
4858,7070061.37
4859,5099328.476666667
4860,910658054.75
4861,307878965.16333336
4862,281375580.97
4863,173666119.66333333
4864,92637385.28333333
4865,40787577.46
4866,13602559.903333334
4867,163958384.4
4868,12031766.746666666
4869,1156520.3566666667
4870,8011534.366666666
4871,17327429.57
4872,2425450.52
4873,11192718.32
4874,103598957.58666667
4875,16991374.906666666
4876,48751827.53333333
4877,30119205.04
4878,17238941.633333333
4879,34778773.56333333
4880,6564319.876666667
4881,2692423.2466666666
4882,7493176.803333334
4883,49485692.97666667
4884,90074993.85333334
4885,17398966.566666666
4886,6595520.066666666
4887,3332144.3466666667
4888,2832542.8833333333
4889,2582172.3333333335
4890,159647464.28
4891,638378.18
4892,1097774.2766666666
4893,148066884.31
4894,14430992.286666667
4895,9110192.15
4896,35375708.54333334
4897,1367165.82
4898,162060166.40666667
4899,110171156.73333333
4900,236619353.07
4901,27377748.43
4902,4368934.74
4903,11832720.433333334
4904,297912093.27
4905,19443863.15
4906,312630.69
4907,731168472.58
4908,22910251.186666667
4909,82545499.42333333
4910,40864236.71333333
4911,15397283.316666666
4912,29741356.973333333
4913,15554575.873333333
4914,39483054.28
4915,68783196.97666667
4916,48708662.84
4917,6115125.3
4918,172986559.66333333
4919,9988805.436666667
4920,23861466.953333333
4921,110962100.08333333
4922,78619822.96
4923,18677649.43
4924,52728552.71333333
4925,94771799.47333333
4926,2482205.9433333334
4927,14929728.893333333
4928,8376940.763333334
4929,15810242.326666666
4930,21232935.433333334
4931,17348526.903333332
4932,2787893.763333333
4933,279351030.21
4934,1158315.5866666667
4935,591660513.3166667
4936,9540742.91
4937,273363.51
4938,33456190.98
4939,619990.2466666667
4940,3149578.966666667
4941,51354025.61
4942,4238228.34
4943,50136041.8
4944,41966713.13
4945,6747693.816666666
4946,6226935.696666666
4947,1782694.6033333333
4948,3277612.47
4949,40031747.88666666
4950,100861024.04
4951,28180468.116666667
4952,26118706.09
4953,127120469.14666666
4954,46466391.556666665
4955,3182438.5
4956,2600954.4833333334
4957,37629072.846666664
4958,12631037.056666667
4959,8888929.696666667
4960,5512856.21
4961,164489812.11333334
4962,10270560.03
4963,352238.74666666664
4964,994302.6666666666
4965,1529159.3866666667
4966,909870.1633333333
4967,32316745.88
4968,5018097.633333334
4969,21216.8
4970,1366931.24
4971,146249454.77666667
4972,13857891.263333334
4973,26703725.673333332
4974,104526009.68333334
4975,17852429.106666666
4976,2216481.6333333333
4977,138379981.96
4978,3721667.6166666667
4979,8490194.076666666
4980,25029885.57
4981,11767392.78
4982,144627360.58
4983,522661.38333333336
4984,229342294.33333334
4985,348568937.47
4986,4461875.126666667
4987,8976127.536666667
4988,1868418.9033333333
4989,5725048.226666667
4990,462934.2733333333
4991,15893452.833333334
4992,189030999.51666668
4993,11956447.146666666
4994,116245411.68666667
4995,1820205.1
4996,14268286.783333333
4997,230152770.73666668
4998,11439043.223333333
4999,89861243.77333333
5000,200544583.55666667
5001,240445591.61666667
5002,185082814.87333333
5003,78847466.28666666
5004,42156915.41
5005,33534340.393333334
5006,404505609.1166667
5007,21638199.37
5008,272085191.87666667
5009,35028729.17
5010,7633133.966666667
5011,8530768.7
5012,44751281.516666666
5013,16724906.71
5014,24201072.096666668
5015,23379910.043333333
5016,283071001.31
5017,16812299.83
5018,7597828.816666666
5019,57409814.66
5020,11759816.633333333
5021,6698197.58
5022,19668495.39
5023,34596267.48
5024,122569403.44333333
5025,1528190.94
5026,131274844.71666667
5027,36167555.623333335
5028,167258245.15
5029,66504094.89
5030,20491353.863333333
5031,3054787.83
5032,188103577.21
5033,745712.51
5034,849744.8166666667
5035,1591664.2633333334
5036,13017723.69
5037,23141011.463333335
5038,430320979.68333334
5039,9393640.856666667
5040,36409494.123333335
5041,29977017.166666668
5042,21742423.713333335
5043,13135257.003333334
5044,173769056.32666665
5045,3386131.43
5046,12375777.5
5047,17845079.16
5048,2557815.28
5049,91160777.98
5050,1601945.97
5051,309721496.23333335
5052,212645557.93666667
5053,11582023.3
5054,56017722.443333335
5055,12302879.466666667
5056,11895471.443333333
5057,18377166.973333333
5058,494439.3
5059,26508758.99
5060,192277476.59666666
5061,92083735.75666666
5062,893724.85
5063,64464.46666666667
5064,93614492.81333333
5065,2867772.3266666667
5066,17313135.906666666
5067,47532735.013333336
5068,11599237.46
5069,90981509.99333334
5070,13750188.273333333
5071,250583462.89333335
5072,292424143.95666665
5073,12916532.94
5074,2277885.9166666665
5075,4758641.723333334
5076,17348588.993333332
5077,164043608.88666666
5078,5831919.366666666
5079,3232181.763333333
5080,96892747.20333333
5081,96645148.13
5082,88748330.40666667
5083,1315614.2266666666
5084,3821691.63
5085,1572960.2433333334
5086,10041565.883333333
5087,6313820.636666667
5088,6035325.326666667
5089,2762446.8
5090,3622529.5933333333
5091,21148195.72
5092,27559480.446666665
5093,22095903.46
5094,62553355.81
5095,94278566.87333333
5096,17115342.956666667
5097,794316.9
5098,20555557.613333333
5099,8615738.48
5100,884952.2133333334
5101,698383.3333333334
5102,17910560.076666668
5103,1215387.2366666666
5104,33972729.93666667
5105,2440831.3866666667
5106,989797.7
5107,100619383.98333333
5108,25502956.366666667
5109,886409.62
5110,49668913.52666666
5111,227053365.85666665
5112,10973173.746666666
5113,371973.4533333333
5114,8666718.39
5115,7677882.07
5116,4038046.23
5117,590929233.6866666
5118,16395777.71
5119,1899154.58
5120,630628.6966666667
5121,45352292.11666667
5122,18516751.233333334
5123,21055962.89
5124,6066387.713333333
5125,11080598.776666667
5126,24187227.973333333
5127,67104003.83
5128,1356480.3466666667
5129,2570577.993333333
5130,60085835.39
5131,24097053.976666667
5132,35812242.12
5133,296273179.41333336
5134,151438699.02
5135,192385666.83333334
5136,3766954.9566666665
5137,117047081.75666666
5138,15732902.343333334
5139,218841528.43666667
5140,195951132.75666666
5141,12445894.186666667
5142,209926834.92666668
5143,79383180.85333334
5144,54582082.443333335
5145,23986497.956666667
5146,10641087.95
5147,8250299.216666667
5148,27685965.903333332
5149,381673.53
5150,421877797.50333333
5151,401466413.6933333
5152,149652511.26
5153,1681746.52
5154,17895370.27
5155,1758792.9366666668
5156,874208325.4866667
5157,4486196.45
5158,1850084.9766666666
5159,136833852.09
5160,21153748.026666667
5161,28877732.27
5162,96273024.58333333
5163,157705691.55333334
5164,4069035.553333333
5165,44595447.803333335
5166,150556776.4
5167,4020947.6333333333
5168,9073413.366666667
5169,15062824.51
5170,84702874.27666667
5171,209537786.58
5172,18935110.393333334
5173,95451993.02666667
5174,105773451.90333334
5175,890517.42
5176,4603923.976666667
5177,176129445.66333333
5178,740534825.47
5179,20411487.586666666
5180,92970924.05
5181,97140.73666666666
5182,37483303.583333336
5183,892417.0066666667
5184,15015961.76
5185,4423955.58
5186,15049653.35
5187,1930065.8933333333
5188,9662197.116666667
5189,77528995.62666667
5190,174073719.94666666
5191,24181155.376666665
5192,230165721.93333334
5193,90333142.75333333
5194,25511662.843333334
5195,217313353.49666667
5196,85481104.61
5197,30588246.836666666
5198,34762384.24666667
5199,13696538.866666667
5200,11819469.58
5201,34027124.343333334
5202,4068075.2733333334
5203,684144.6133333333
5204,644313.6466666666
5205,579213.5933333334
5206,13752692.67
5207,4781530.15
5208,41391788.94
5209,71910686.73
5210,22039271.296666667
5211,11621797.72
5212,12139611.413333334
5213,84667322.33
5214,141162.24666666667
5215,12617150.95
5216,93696617.65666667
5217,16506699.96
5218,19394633.473333333
5219,7304115.633333334
5220,64414369.78333333
5221,1041549.4866666667
5222,10507184.736666666
5223,73596324.18333334
5224,77281.29
5225,349046.00333333336
5226,49924674.803333335
5227,4896145.806666667
5228,9995538.9
5229,120032355.72666667
5230,4251062.463333333
5231,23593767.843333334
5232,175181.1
5233,9156471.636666667
5234,78721552.39
5235,25304952.28
5236,181853612.19666666
5237,162629369.29333332
5238,7734169.21
5239,19790316.19333333
5240,160064582.50333333
5241,46583749.946666665
5242,10310185.18
5243,1590394.8433333333
5244,95742286.7
5245,8774411.793333333
5246,19672860.9
5247,42629635.71
5248,2586413.9166666665
5249,73404980.81
5250,261075698.91
5251,10933823.966666667
5252,617691.6733333333
5253,4898908.656666666
5254,21266.366666666665
5255,91812713.58333333
5256,27611228.823333334
5257,1397211.5133333334
5258,1235001.1333333333
5259,137389081.76333332
5260,10059581.16
5261,39009066.6
5262,1426028.59
5263,92019865.19333333
5264,3573009.21
5265,3391548.29
5266,34858191.99333333
5267,14183559.816666666
5268,3158068.723333333
5269,113342919.54666667
5270,90955689.63
5271,11986057.55
5272,129361481.54
5273,406623.0266666667
5274,35328923.93333333
5275,46922548.53333333
5276,13514183.78
5277,1897347.5633333332
5278,16794787.433333334
5279,5364382.71
5280,4874907.016666667
5281,3814745.44
5282,33357910.063333333
5283,837291.5566666666
5284,9713854.97
5285,91504493.42333333
5286,12001504.073333334
5287,6449656.36
5288,4602227.81
5289,201489122.43333334
5290,190229050.83666667
5291,596711088.1533333
5292,250969534.34
5293,162339420.1
5294,9919670.256666666
5295,601362742.4
5296,3263675.3333333335
5297,68556587.48333333
5298,141536534.32
5299,10332586.146666666
5300,917089.5333333333
5301,8269921.953333333
5302,34190265.99333333
5303,16262613.106666667
5304,9395782.55
5305,2317732.683333333
5306,185905952.48
5307,279582580.6666667
5308,441752.24
5309,839178.0133333333
5310,128152444.47
5311,6154189.02
5312,219148362.50333333
5313,610851809.1666666
5314,41047371.26
5315,836757.73
5316,10160705.72
5317,145577807.34333333
5318,15954937.413333334
5319,51977668.596666664
5320,13944402.233333332
5321,24615184.05666667
5322,137855.97333333333
5323,248458675.37
5324,29072336.796666667
5325,17920730.283333335
5326,5023701.566666666
5327,160571748.68666667
5328,14706772.606666667
5329,2145001.1333333333
5330,281800419.99666667
5331,6109658.21
5332,1964754.5533333332
5333,14380933.706666667
5334,22974013.953333333
5335,2494943.8133333335
5336,5446678.6866666665
5337,2025336.7266666666
5338,51395721.24333333
5339,10403433.636666667
5340,6922691.44
5341,142650318.44333333
5342,139352529.51666668
5343,117902484.62666667
5344,147739957.63333333
5345,390180.14
5346,187669196.13666666
5347,420845.79333333333
5348,7144333.023333333
5349,6531785.55
5350,304023.9
5351,87444836.41
5352,2707843.2266666666
5353,26704934.053333335
5354,46853782.39666667
5355,69399861.35
5356,12795142.48
5357,3080093.6133333333
5358,227301125.66666666
5359,38371559.45666666
5360,215049540.96
5361,5848938.913333333
5362,7881286.1866666665
5363,10659928.016666668
5364,3682603.62
5365,99038303.42666666
5366,31357117.086666666
5367,122764981.79666667
5368,3593497.33
5369,746620493.73
5370,18164424.093333334
5371,52643641.59
5372,930839136.2333333
5373,56632677.69
5374,92006353.50333333
5375,78196610.06666666
5376,166589296.66666666
5377,20258899.113333333
5378,2206439.526666667
5379,15066898.9
5380,26034435.11
5381,68038948.08333333
5382,96151395.29333334
5383,2511357.47
5384,285903092.00333333
5385,73431518.70666666
5386,18023765.916666668
5387,862383.32
5388,145276874.96666667
5389,40034972.126666665
5390,39948195.516666666
5391,33229012.826666668
5392,601450.7533333333
5393,9925274.583333334
5394,48985360.28666667
5395,25840571.11
5396,225432876.20666668
5397,883894.8733333333
5398,2429900.276666667
5399,6685019.916666667
5400,3059472.6466666665
5401,297199965.25666666
5402,34916844.87
5403,55596173.31333333
5404,826765.9733333334
5405,35360689.54333334
5406,4019060.3966666665
5407,320303998.8333333
5408,471291341.72333336
5409,250306713.27
5410,1691443.6733333333
5411,21500404.153333332
5412,2015519.6133333333
5413,808340.0933333334
5414,150165679.45333335
5415,92545616.01333334
5416,75807156.27
5417,76862899.01666667
5418,163872.19
5419,4653520.333333333
5420,42955148.343333334
5421,87257508.26333334
5422,107088415.34
5423,247516105.46333334
5424,226458969.56
5425,11351173.163333334
5426,6426162.1033333335
5427,5433008.056666667
5428,3772596.85
5429,98007473.42666666
5430,201966253.74
5431,26616199.983333334
5432,114529211.68333334
5433,33441421.56
5434,52420598.483333334
5435,35138091.11
5436,15459077.806666667
5437,49946742.63333333
5438,14097496.386666667
5439,1584707.08
5440,48993123.836666666
5441,5135574.323333333
5442,176218271.68666667
5443,51797290.2
5444,34389006.196666665
5445,54541218.27
5446,94317168.14666666
5447,4949668.873333333
5448,2915200.3
5449,167849913.15666667
5450,5114471.33
5451,5718392.093333334
5452,2113000.736666667
5453,214116190.06333333
5454,132472638.35666667
5455,6400666.67
5456,10641904.356666667
5457,43040161.693333335
5458,19465530.08
5459,9802567.073333334
5460,572348.6
5461,39361.27333333333
5462,4592848.33
5463,828532722.43
5464,13743362.606666667
5465,6479245.14
5466,369460769.83
5467,92835827.09333333
5468,104578930.11
5469,309291.16333333333
5470,272650784.18666667
5471,155948404.50333333
5472,91297980.93
5473,16876417.583333332
5474,7187583.106666666
5475,17373714.57
5476,5315737.56
5477,8550823.22
5478,32885587.183333334
5479,123018953.02666667
5480,6499183.24
5481,1242622.0933333333
5482,17219144.31
5483,10156472.08
5484,333456879.48333335
5485,17478379.57
5486,6973124.806666667
5487,651170447.3866667
5488,65673315.85333333
5489,77962195.39666666
5490,2935059.98
5491,105518709.96333334
5492,230128633.66333333
5493,11336972.933333334
5494,466960.6533333333
5495,11650929.036666667
5496,84669296.85666667
5497,29985720.796666667
5498,3956931.5033333334
5499,73279922.49
5500,20646317.346666668
5501,3531552.43
5502,11526506.373333333
5503,10119413.523333333
5504,34506560.166666664
5505,830760.7866666666
5506,653924100.09
5507,14471462.976666667
5508,200568116.19
5509,164567227.21666667
5510,25773374.28
5511,9777226.296666667
5512,94766674.46666667
5513,3424665.38
5514,6816470.883333334
5515,686516.7866666666
5516,541734.9666666667
5517,295224363.44666666
5518,13894156.726666667
5519,249321456.26333332
5520,3786317.1733333333
5521,12164208.953333333
5522,105163.32
5523,358763165.23333335
5524,472663224.75333333
5525,45877317.46333333
5526,7805377.273333333
5527,1839943.5633333332
5528,62111697.73
5529,168688.16
5530,383363924.19
5531,456077.37333333335
5532,16043047.603333334
5533,102747580.89333333
5534,490254416.58
5535,1097222.39
5536,1285224.3666666667
5537,35655451.67666667
5538,12066694.113333333
5539,267395905.62666667
5540,51848755.123333335
5541,93864523.39666666
5542,656577.03
5543,10007453.91
5544,98803084.45666666
5545,425201.48
5546,9907004.06
5547,10120195.39
5548,6405316.78
5549,43397737.99666667
5550,45535899.95666666
5551,24055208.54
5552,39007647.56333333
5553,34689435.916666664
5554,10234773.676666666
5555,26545622.48
5556,17538627.836666666
5557,10209968.82
5558,545867949.9433334
5559,5791417.053333334
5560,4819412.373333333
5561,24341375.95
5562,63580208.44
5563,139454.65333333332
5564,4716489.073333333
5565,4059294.1266666665
5566,2415807.1066666665
5567,32739586.44
5568,36880048.62
5569,36967361.4
5570,36859432.2
5571,146809014.78666666
5572,175206.06666666668
5573,358055015.67333335
5574,24037355.02
5575,189677237.63666666
5576,72866191.09333333
5577,22561615.24
5578,15758845.033333333
5579,4868486.246666667
5580,1233605.29
5581,10874187.753333334
5582,18774064.966666665
5583,58463584.70333333
5584,47676350.42333333
5585,6318195.506666667
5586,1816750.4433333334
5587,22804398.363333333
5588,122683207.91
5589,115188120.71
5590,11034028.406666666
5591,51220822.333333336
5592,837997.5366666666
5593,15590649.826666666
5594,11167152.15
5595,100264341.05
5596,248329083.42666668
5597,6284307.593333334
5598,3095005.69
5599,7430684.456666667
5600,36525259.8
5601,25217597.45
5602,67030705.45
5603,725501.7066666667
5604,11058777.933333334
5605,175529581.77
5606,91625123.9
5607,52789085.04666667
5608,138330983.92333335
5609,20283905.076666668
5610,32470640.563333333
5611,19300929.966666665
5612,930651910.4833333
5613,31731559.71
5614,22499447.973333333
5615,48829405.343333334
5616,21727704.81
5617,331723298.9433333
5618,32916683.643333334
5619,54752182.85
5620,4171021.6766666668
5621,33277458.84
5622,21524271.833333332
5623,20285992.63
5624,870270538.5
5625,216929.3
5626,2922856.9
5627,106658240.11666666
5628,18389892.61
5629,240022993.63666666
5630,23589607.166666668
5631,89505057.09
5632,26635748.546666667
5633,24259199.21
5634,35430674.20666666
5635,101023092.16333333
5636,2625732.053333333
5637,5730563.98
5638,142129552.63333333
5639,23283512.666666668
5640,1243028.2
5641,37728830.78666667
5642,35908513.84
5643,3626193.1066666665
5644,594483646.11
5645,198897729.2
5646,12558422.58
5647,5846343.92
5648,127328693.04
5649,2744486.1766666668
5650,84792226.61
5651,26541192.81
5652,673590.0466666666
5653,153886624.25333333
5654,79352724.81333333
5655,34918665.5
5656,767018831.3733333
5657,28402435.293333333
5658,10732505.543333333
5659,39653180.24333333
5660,154992722.46333334
5661,11880447.833333334
5662,501362702.8
5663,3345043.4966666666
5664,7232614.54
5665,71058589.78
5666,7088415.663333333
5667,23919270.43
5668,2923895.973333333
5669,3804502.033333333
5670,455435267.4
5671,33486269.636666667
5672,45051079.32666667
5673,121232130.10333334
5674,16088268.85
5675,3426207.9833333334
5676,407186.2733333333
5677,70681329.01666667
5678,95908256.05333333
5679,2997055.31
5680,28451283.76
5681,671705181.7233334
5682,1055669.35
5683,350025322.5133333
5684,136594299.03333333
5685,25998448.73
5686,1442066.0533333332
5687,74433099.38333334
5688,11616190.28
5689,171778792.52
5690,6758124.303333334
5691,185258956.44666666
5692,502661535.00333333
5693,32748725.32
5694,55596311.14333333
5695,19708316.89
5696,38866213.68333333
5697,138372.19
5698,7960772.83
5699,5218653.176666667
5700,40068457.666666664
5701,11069962.606666667
5702,25864850.46
5703,52148749.36666667
5704,133043127.41333333
5705,5123669.07
5706,797896.38
5707,24241122.06
5708,6174196.453333333
5709,32152044.42
5710,10390213.336666666
5711,28499885.983333334
5712,190304094.48666668
5713,25078798.086666666
5714,16661082.846666666
5715,1901316.2066666668
5716,475086.76666666666
5717,16212645.413333334
5718,3145279.75
5719,28901731.583333332
5720,7813016.08
5721,82580097.87666667
5722,7200783.073333333
5723,39164600.83
5724,15186365.82
5725,397997.14
5726,79233659.64
5727,227234243.25
5728,45093170.38
5729,255504736.94666666
5730,5161810.32
5731,567512.1
5732,5299515.093333334
5733,1056886.7366666666
5734,40301131.61666667
5735,6374720.366666666
5736,60745771.79333334
5737,56433728.1
5738,50552651.79
5739,9811945.98
5740,22693598.423333332
5741,138270777.56
5742,33263275.553333335
5743,23013721.93
5744,1017784.5933333334
5745,3139702.68
5746,13795809.333333334
5747,2242240.89
5748,158635028.55333334
5749,43114130.09
5750,54474647.266666666
5751,28002175.14
5752,2228621.276666667
5753,420588435.82
5754,13693594.7
5755,82690192.50666666
5756,14578600.316666666
5757,12225509.086666666
5758,688218.8333333334
5759,23361739.826666668
5760,2179255.49
5761,80520.53666666667
5762,127873599.3
5763,107547066.92666666
5764,8830927.763333334
5765,23590538.973333333
5766,25872463.606666666
5767,20441989.84
5768,41175953.196666665
5769,531533968.96
5770,3367430.08
5771,19992394.526666667
5772,17266810.016666666
5773,359586864.86
5774,87659105.98
5775,69500064.51333334
5776,9526844.96
5777,134042118.82666667
5778,181185605.16333333
5779,307024244.79
5780,2780443.53
5781,160689768.31333333
5782,99735370.76666667
5783,90551230.39
5784,40718749.92333333
5785,150174807.61666667
5786,6355732.946666666
5787,174253409.75666666
5788,2022647.24
5789,33105112.65
5790,150990845.60333332
5791,44416944.31666667
5792,18545885.416666668
5793,12888528.12
5794,61704675.123333335
5795,190929959.39666668
5796,24202486.726666667
5797,69943787.94666667
5798,158387.07666666666
5799,254046845.13333333
5800,339767.98
5801,14324482.063333333
5802,4224356.9366666665
5803,2209634.3366666664
5804,500740439.0833333
5805,16450425.686666667
5806,14260577.963333333
5807,24038979.05666667
5808,93326139.51666667
5809,14864033.566666666
5810,9687589.16
5811,5906885.203333333
5812,70043980.08333333
5813,142881795.67666668
5814,7063787.81
5815,5673862.58
5816,7941747.89
5817,2102708.2933333335
5818,37265259.56
5819,30870586.613333333
5820,12746226.083333334
5821,2025973.7066666668
5822,30089.52666666667
5823,35318846.736666664
5824,33839068.556666665
5825,31825496.533333335
5826,7913038.206666667
5827,5210612.176666667
5828,333864523.20666665
5829,69852573.57666667
5830,73294720.19
5831,215453978.34
5832,24902527.64666667
5833,11598756.223333333
5834,21502699.2
5835,112917.00666666667
5836,112733620.92
5837,76056578.69666667
5838,446369.98
5839,63375211.653333336
5840,1350865.61
5841,68690154.01666667
5842,64265495.416666664
5843,12638885.173333334
5844,3544349.5233333334
5845,10581111.62
5846,2293777.4233333333
5847,86527199.73333333
5848,45695400.1
5849,26546344.21
5850,52396349.38666666
5851,11219850.653333334
5852,12024775.916666666
5853,20176058.93
5854,13400776.05
5855,138987228.65666667
5856,15505064.213333333
5857,1012182025.25
5858,97938.86333333333
5859,35703569.71333333
5860,82607750.08666667
5861,6054011.743333333
5862,34510386.38333333
5863,100389213.83666667
5864,462274003.65
5865,20881943.94
5866,9115172.486666666
5867,3302142.78
5868,36975555.00333333
5869,16526407.873333333
5870,735076.1266666667
5871,83755472.77
5872,517971474.4166667
5873,13562305.426666666
5874,4482729.66
5875,52027399.25333333
5876,54450945.196666665
5877,9303196.356666667
5878,119422369.17666666
5879,3051749.3666666667
5880,95501419.77
5881,143487188.14666668
5882,317254340.2
5883,14012918.803333333
5884,68773927.88
5885,6280352.1866666665
5886,10560335.156666666
5887,15380357.556666667
5888,4161855.6533333333
5889,1589332.2133333334
5890,149381429.1
5891,34548568.95666666
5892,6021209.19
5893,2477716.4266666668
5894,105507250.11
5895,25170329.423333332
5896,87412130.57666667
5897,316951.1766666667
5898,156909719.82
5899,4707006.02
5900,13100336.273333333
5901,74892.66333333333
5902,18733261.876666665
5903,122348072.16333333
5904,79215480.09333333
5905,52978661.64
5906,71402989.9
5907,3437143.223333333
5908,64897946.71333333
5909,13888609.386666667
5910,158275578.17333335
5911,8770024.386666667
5912,232694426.08
5913,33895834.86
5914,24234155.9
5915,7368157.35
5916,33782006.656666666
5917,211182954.83666667
5918,209454605.82333332
5919,51271237.28
5920,5844474.736666666
5921,61865485.43333333
5922,14898969.796666667
5923,5327709.176666667
5924,2890174.82
5925,433116076.80333334
5926,389259.64666666667
5927,1435644.8833333333
5928,50048860.88333333
5929,952055.17
5930,201761334.47
5931,44296819.373333335
5932,452359.75333333336
5933,13604829.953333333
5934,72453523.63
5935,230713624.89
5936,230077883.57
5937,3473010.2733333334
5938,9883928.456666667
5939,22059329.383333333
5940,121668400.91
5941,1686729.9733333334
5942,100454787.59666666
5943,4730281.0
5944,45969550.873333335
5945,10263705.73
5946,894075.98
5947,277353.9533333333
5948,203535773.58
5949,1120843.1666666667
5950,83980836.33333333
5951,88691477.35333334
5952,16007130.956666667
5953,326014799.99333334
5954,6228484.016666667
5955,28714097.233333334
5956,158764426.18
5957,37997747.15
5958,87788037.97333333
5959,3701238.05
5960,16198257.643333333
5961,1319955.1466666667
5962,7994902.38
5963,37379468.93666667
5964,83728043.57666667
5965,28334139.906666666
5966,35135543.85
5967,514655413.30333334
5968,62414097.18333333
5969,99758379.85666667
5970,10669543.13
5971,12633118.44
5972,11734661.133333333
5973,54143330.346666664
5974,893491.56
5975,12407084.56
5976,1101522.0133333334
5977,150922.63333333333
5978,770813747.6066667
5979,3437953.1633333336
5980,284273150.66
5981,3823533.3666666667
5982,150886852.84333333
5983,2186630.25
5984,22077532.10333333
5985,103271518.67666666
5986,2174664.0033333334
5987,1138673.2366666666
5988,54139268.88666666
5989,2106333.1933333334
5990,134618010.14333335
5991,7131632.943333333
5992,27684088.253333334
5993,50367002.4
5994,1884928.97
5995,24595614.91
5996,49685655.096666664
5997,31044399.953333333
5998,649545729.05
5999,4777381.456666667
6000,15624600.406666666
6001,11128645.786666667
6002,13204006.916666666
6003,507408314.38666666
6004,77163881.99666667
6005,1982654.65
6006,9133798.666666666
6007,8891431.223333333
6008,2815200.83
6009,88392316.01666667
6010,83344521.22333333
6011,21159680.333333332
6012,7622191.31
6013,279735751.31
6014,18566561.866666667
6015,53180099.72333334
6016,74901568.28333333
6017,4727012.1466666665
6018,8902224.753333334
6019,1236367.07
6020,5343627.573333333
6021,11090529.103333334
6022,6358903.58
6023,199981589.36
6024,599125.1166666667
6025,29166019.756666668
6026,203067345.75
6027,7379529.71
6028,159741189.47666666
6029,2348562.486666667
6030,408847414.98333335
6031,58509283.95333333
6032,29941.866666666665
6033,23742523.336666666
6034,4309138.423333333
6035,916866953.1966667
6036,620175.25
6037,8882670.26
6038,77470.77333333333
6039,16881513.803333335
6040,33627679.88666666
6041,247769396.63
6042,867041.4366666666
6043,202230394.00666666
6044,5143292.1
6045,47879479.49666667
6046,2144631.21
6047,9941887.19
6048,10591609.15
6049,1424032.9433333334
6050,3579919.8233333332
6051,2356474.0933333333
6052,58277845.57666667
6053,331676.42
6054,5429903.203333333
6055,30522521.656666666
6056,22908103.773333333
6057,901568.7066666667
6058,45373862.88666666
6059,212027774.8
6060,16138881.856666667
6061,60906460.19
6062,2699965.8133333335
6063,134833862.86
6064,521710.2233333333
6065,95428582.26666667
6066,36496378.26
6067,90964808.30333333
6068,270431.87666666665
6069,157508535.09
6070,149299459.75
6071,18295428.053333335
6072,10982993.51
6073,8736439.636666667
6074,404692.4
6075,6064665.68
6076,131860570.41333333
6077,10070700.0
6078,91313775.02
6079,564944805.27
6080,2338440.6433333335
6081,3817843.9033333333
6082,3259237.72
6083,162103826.24333334
6084,15927191.796666667
6085,54130597.17666667
6086,3321124.26
6087,40222253.35666667
6088,1392764.4966666666
6089,9088047.096666666
6090,284983724.56333333
6091,1983943.48
6092,3754281.6233333335
6093,9719678.5
6094,124377538.66333333
6095,38787575.38666666
6096,7320140.29
6097,32524614.166666668
6098,19076548.476666667
6099,51220820.64
6100,48097892.77666666
6101,145899802.00333333
6102,86490934.01666667
6103,49301236.39333333
6104,88159.82
6105,7155347.636666667
6106,252814.66
6107,134901.89333333334
6108,57111779.733333334
6109,11362714.493333334
6110,123447534.16666667
6111,1207818.7566666666
6112,129799.59666666666
6113,4525580.62
6114,83368098.54333334
6115,179975362.41666666
6116,716933.55
6117,38844163.14
6118,58554566.49666667
6119,116932234.60666667
6120,21086187.74
6121,801961.68
6122,34658442.82666667
6123,994453.43
6124,601572.02
6125,8777524.956666667
6126,8268152.72
6127,23894885.833333332
6128,268524128.58666664
6129,6202077.713333333
6130,291616.4866666667
6131,4484808.666666667
6132,144550.94333333333
6133,16739362.793333333
6134,38410398.27333333
6135,41775090.53666667
6136,601590929.0033333
6137,79885848.12666667
6138,3290566.566666667
6139,1055042159.1666666
6140,5243284.53
6141,14028189.763333334
6142,747937.1866666666
6143,16532667.483333332
6144,115128577.54333334
6145,21577137.976666667
6146,12536331.323333334
6147,83275451.18666667
6148,3297581.6566666667
6149,89743217.03
6150,439481909.36
6151,15041197.876666667
6152,1099733611.6333334
6153,3599447.7933333335
6154,43153155.11
6155,176793826.02333334
6156,5704855.013333334
6157,18435432.77
6158,95772428.40333334
6159,10671298.043333333
6160,21394804.453333333
6161,16838245.206666667
6162,28846351.73666667
6163,2927869.12
6164,10637085.753333334
6165,25190416.136666667
6166,41596305.31
6167,8522595.46
6168,19857912.586666666
6169,47815032.78666667
6170,7171973.483333333
6171,24020974.286666665
6172,638983.58
6173,43955424.70333333
6174,35933653.74333333
6175,13541180.876666667
6176,89507723.79666667
6177,40280107.166666664
6178,1902798.87
6179,285972355.5133333
6180,47157772.163333334
6181,52063155.153333336
6182,706368648.6366667
6183,17074221.783333335
6184,806560158.8633333
6185,873172.2966666666
6186,15645821.586666666
6187,9753067.403333334
6188,32401371.063333333
6189,97648106.95
6190,213670857.03333333
6191,4601849.683333334
6192,68267406.7
6193,10551771.773333333
6194,806039.5866666667
6195,354700.31666666665
6196,78786082.55333333
6197,1753414.37
6198,97297063.46333334
6199,875154337.69
6200,315390.4533333333
6201,5638870.836666667
6202,183369465.26333332
6203,753477652.95
6204,1159722.1666666667
6205,15576765.886666667
6206,68802516.83333333
6207,42813463.11333334
6208,58495647.47666667
6209,540175.9166666666
6210,1369721.2933333332
6211,50470749.74
6212,12578993.103333334
6213,36066420.20333333
6214,17821066.006666668
6215,13256839.856666667
6216,25621297.003333334
6217,310700.78
6218,16256226.986666666
6219,24133386.543333333
6220,426125.79
6221,16445792.323333334
6222,1217169.3666666667
6223,64691150.086666666
6224,45870012.60333333
6225,202947759.05666667
6226,15932224.353333334
6227,10000241.76
6228,355595.7266666667
6229,1401326.97
6230,363966.91
6231,107469773.31
6232,11453640.766666668
6233,163092287.07
6234,36691742.04333334
6235,170887559.43666667
6236,26278797.38
6237,6049701.51
6238,1862590.8633333333
6239,184331391.02666667
6240,141039024.64333335
6241,739693.0233333333
6242,827415.63
6243,28507020.496666666
6244,89328890.55666667
6245,5091511.496666667
6246,5670178.38
6247,825646295.3633333
6248,4041495.3833333333
6249,5636999.633333334
6250,17396340.53
6251,145031362.96333334
6252,2811777.99
6253,6081727.386666667
6254,176311993.54333332
6255,1794807.1333333333
6256,7314487.26
6257,135056091.64666668
6258,50176.02333333333
6259,1508369.25
6260,7062404.413333333
6261,230533045.60333332
6262,11049105.85
6263,100071058.10333334
6264,3886989.36
6265,13654789.723333333
6266,13679908.01
6267,189944957.7
6268,83166.76333333334
6269,393677734.70666665
6270,88358117.40666667
6271,209182073.33333334
6272,847005.9433333334
6273,22194300.863333333
6274,454616561.7033333
6275,48091536.986666664
6276,2069694.1766666668
6277,7564735.8533333335
6278,2600250.86
6279,19192165.32
6280,17272620.37
6281,3509559.77
6282,329608641.43
6283,23682117.703333333
6284,105641141.36333333
6285,20715747.356666666
6286,3254451.77
6287,18817969.066666666
6288,108630004.69
6289,173598350.15
6290,47162.346666666665
6291,45353309.27333333
6292,91774300.71333334
6293,441062983.33
6294,7955591.403333333
6295,307264172.14
6296,4766812.41
6297,124774905.63333334
6298,3294301.7733333334
6299,1000318.9166666666
6300,132552530.55333333
6301,10026797.68
6302,4820458.37
6303,4761648.903333333
6304,18322365.25
6305,202017471.22
6306,26937934.54
6307,709743.18
6308,1347239.66
6309,2102705.316666667
6310,98937869.0
6311,3367287.14
6312,6291906.526666666
6313,19345713.623333335
6314,39796185.88333333
6315,3991051.6133333333
6316,43756216.97333334
6317,227383790.32666665
6318,33235950.893333334
6319,36929421.376666665
6320,303057.98
6321,250711884.34666666
6322,159701318.2
6323,44510231.163333334
6324,1628315.8866666667
6325,44679353.65
6326,2085493.26
6327,24661844.11
6328,20552176.436666667
6329,5179441.246666667
6330,2178637.74
6331,96946223.27333333
6332,4795518.1033333335
6333,7875233.38
6334,1350431.9566666668
6335,52511824.61
6336,86251827.62
6337,59320268.196666665
6338,573386.5266666666
6339,80960864.69666667
6340,576457.6
6341,1173453.95
6342,4112769.73
6343,33269737.796666667
6344,35121144.583333336
6345,2828060.1666666665
6346,191745052.96333334
6347,99083196.4
6348,24592057.973333333
6349,39836381.916666664
6350,10759217.726666667
6351,286024514.7133333
6352,59623257.656666666
6353,3074036.6233333335
6354,2978076.4266666668
6355,505029.54
6356,30831774.893333334
6357,3721101.756666667
6358,10764316.67
6359,11051024.95
6360,14241857.553333333
6361,115237968.56
6362,2207241.62
6363,10679990.19
6364,13271000.536666667
6365,130954076.91
6366,31270302.06
6367,13715258.146666666
6368,7075769.133333334
6369,15807207.493333334
6370,217306617.13
6371,4215421.4
6372,68190802.49
6373,2279015.533333333
6374,8106753.8133333335
6375,165341416.67333335
6376,10750363.9
6377,6261048.753333333
6378,4305557.206666667
6379,282176532.11
6380,30010033.56
6381,857802510.7333333
6382,26755894.5
6383,63593165.6
6384,92664796.62333333
6385,14629274.596666666
6386,170437215.92666668
6387,5887878.456666667
6388,4723098.82
6389,487061.19333333336
6390,70478611.53333333
6391,5919265.676666667
6392,6616125.68
6393,190932992.57666665
6394,168068202.69666666
6395,1313976.9666666666
6396,6274722.34
6397,703680.35
6398,8830062.386666667
6399,1740714.0833333333
6400,9556630.2
6401,514127.69666666666
6402,71044230.17666666
6403,95581734.91
6404,33835065.95
6405,923312.4566666667
6406,2662775.31
6407,7138491.973333334
6408,21348036.86
6409,98235660.52666667
6410,8481869.206666667
6411,1966940.06
6412,78040901.52666667
6413,4228829.16
6414,593516838.3066666
6415,4042831.296666667
6416,4253158.93
6417,105326801.85666667
6418,18803161.42
6419,22219014.85
6420,42754937.903333336
6421,26100780.506666668
6422,55905.17
6423,23298707.876666665
6424,79961771.79666667
6425,31463889.13
6426,15913644.29
6427,6881397.273333333
6428,1234500.4833333334
6429,18276879.946666665
6430,52659393.79
6431,135315018.76
6432,161700438.96333334
6433,12706021.34
6434,2903286.0166666666
6435,34346641.16
6436,25779421.54
6437,22410099.063333333
6438,26088529.836666666
6439,4394914.49
6440,94043799.32333334
6441,9373874.056666667
6442,4161034.5866666664
6443,101254527.48333333
6444,693656.72
6445,432646814.94
6446,319298380.4
6447,36901526.89333333
6448,354754.4033333333
6449,20554181.60333333
6450,7428472.68
6451,15490325.993333334
6452,66050823.92666667
6453,98847590.15
6454,20181647.686666667
6455,941611.3533333334
6456,35192328.51
6457,150778288.2
6458,3790275.7133333334
6459,17403796.963333335
6460,131569235.99333334
6461,92543588.05
6462,153187285.73
6463,238347.10333333333
6464,30656080.383333333
6465,3914719.96
6466,24266622.746666666
6467,7525514.293333333
6468,351750.45
6469,9779798.58
6470,5370002.773333333
6471,1871428.8266666667
6472,118144109.94
6473,4874489.093333334
6474,3623743.6766666668
6475,3942727.21
6476,333696716.9
6477,45455230.266666666
6478,18338244.706666667
6479,499939721.49666667
6480,59889308.916666664
6481,100274350.59
6482,5629576.633333334
6483,5261524.19
6484,161076098.88333333
6485,132183031.31
6486,363155.72
6487,142169606.95333335
6488,79899128.15666667
6489,14312385.24
6490,1198078.74
6491,7005761.816666666
6492,15682391.82
6493,28186291.493333332
6494,199033861.22666666
6495,15965538.446666667
6496,227317179.41333333
6497,249569057.06333333
6498,31099985.766666666
6499,17793190.26
6500,5295209.003333333
6501,4878408.706666667
6502,94163578.35
6503,23054079.95
6504,11160128.626666667
6505,6513638.77
6506,15515419.103333334
6507,11444860.55
6508,119901877.29
6509,3959799.756666667
6510,1036818.5533333333
6511,12338862.823333334
6512,11835248.246666666
6513,11585043.156666666
6514,9999687.5
6515,607316086.87
6516,27964460.216666665
6517,4121010.34
6518,20904999.16
6519,47349282.75666667
6520,8338971.143333334
6521,288130236.61333334
6522,29987371.073333334
6523,64117060.01
6524,30031264.136666667
6525,39911175.67666667
6526,407371735.0833333
6527,1017937.6533333333
6528,1675915.24
6529,13205470.01
6530,75246115.96
6531,3704037.6233333335
6532,27571843.53
6533,2627788.4966666666
6534,875332936.0233333
6535,6773377.536666667
6536,53542939.093333334
6537,139073006.43333334
6538,20028837.5
6539,278352219.1766667
6540,216931406.68666667
6541,159010972.31333333
6542,23691255.82
6543,1498531.3166666667
6544,19820567.66
6545,6091824.733333333
6546,471917848.25666666
6547,719324.94
6548,41602835.903333336
6549,96552003.39
6550,96646632.35333334
6551,56772963.21
6552,851292.23
6553,1580619.08
6554,17921276.3
6555,33731113.266666666
6556,32384474.063333333
6557,12323092.74
6558,170424186.05666667
6559,83102464.88333334
6560,410180626.71666664
6561,4552846.663333333
6562,155286681.98333332
6563,17716988.23
6564,17312280.76333333
6565,15623579.423333334
6566,44958193.083333336
6567,9620583.67
6568,16697643.966666667
6569,996030.7633333333
6570,66357560.513333336
6571,9831228.08
6572,156181.16333333333
6573,9797346.816666666
6574,22185853.423333332
6575,527528.9333333333
6576,23359838.91
6577,9421813.11
6578,42076177.36
6579,18682052.133333333
6580,46144297.42
6581,50627268.93333333
6582,664472.76
6583,1887612.6433333333
6584,2294613.7733333334
6585,35954776.93666667
6586,42510067.43666667
6587,67993948.87
6588,6609797.276666666
6589,22683854.186666667
6590,151475630.88333333
6591,17626043.96
6592,169269436.69666666
6593,96238573.59666666
6594,138663762.45666668
6595,283674.11333333334
6596,128587820.79666667
6597,813937.2
6598,6434032.773333333
6599,14155014.66
6600,17802948.716666665
6601,187005355.10333332
6602,522978367.10333335
6603,18405628.206666667
6604,9480187.086666666
6605,73089342.06333333
6606,3055866.77
6607,76751950.63333334
6608,454878.57
6609,2416048.8733333335
6610,17404273.87
6611,10937110.31
6612,875096654.8466667
6613,23565902.1
6614,281777606.31
6615,988399.0233333333
6616,249697563.36333334
6617,40711713.15
6618,69365634.90333334
6619,13770073.363333333
6620,4820190.113333333
6621,36894558.47333334
6622,116136871.34666666
6623,325011664.23333335
6624,117668319.41666667
6625,110204280.37
6626,29099269.78
6627,131370143.16
6628,42308.49333333333
6629,8063631.126666667
6630,751266.6566666666
6631,1098211.1533333333
6632,13310757.933333334
6633,7009132.526666666
6634,4727641.856666666
6635,5029235.51
6636,190330090.53666666
6637,85899879.90333334
6638,2612504.776666667
6639,25046925.64
6640,33381682.45
6641,162707149.29
6642,192301336.65333334
6643,207954.62333333332
6644,683622.82
6645,32171359.826666668
6646,31225008.14
6647,761212.6333333333
6648,58238977.11333334
6649,3389515.046666667
6650,4988997.17
6651,16882078.89
6652,1684934.3166666667
6653,40403896.516666666
6654,152916768.23
6655,24172223.383333333
6656,19217908.98666667
6657,103468175.77
6658,11607044.103333334
6659,7028438.516666667
6660,4781492.9
6661,2892306.3533333335
6662,19296859.44333333
6663,371053897.73333335
6664,4766800.63
6665,518784.3333333333
6666,11340856.626666667
6667,118521222.47666667
6668,14110062.49
6669,36930383.096666664
6670,656177.2933333333
6671,38010919.58
6672,19312446.16
6673,74625619.51333334
6674,625869894.9666667
6675,95072482.06
6676,5386229.003333333
6677,1543702.79
6678,5144049.31
6679,534412862.3233333
6680,48544435.653333336
6681,429685664.72
6682,35031255.20333333
6683,30584040.35333333
6684,96399.51
6685,3290423.8566666665
6686,8521126.35
6687,59946996.806666665
6688,3028170.5633333335
6689,166987626.83
6690,241216294.56333333
6691,4008884.4566666665
6692,1011147945.1466666
6693,129950015.84
6694,60565067.78333333
6695,138315622.69666666
6696,282136331.8
6697,8607177.216666667
6698,37021197.74
6699,306610932.0833333
6700,160198791.02
6701,40506755.373333335
6702,51752372.11
6703,4313869.196666666
6704,4244192.893333334
6705,39832749.21
6706,16524775.06
6707,30290260.73
6708,50048806.54666667
6709,2220072.4
6710,88904834.29333334
6711,74944712.55333333
6712,87576960.43333334
6713,917849.9233333333
6714,1424981.2233333334
6715,5116732.086666667
6716,26612565.286666665
6717,304901404.23
6718,18438083.83
6719,13497247.356666667
6720,1593186.7133333334
6721,66497201.403333336
6722,5281824.983333333
6723,107426593.25666666
6724,21632212.433333334
6725,4649521.906666666
6726,44618589.75666667
6727,4082408.033333333
6728,14555608.273333333
6729,26823459.433333334
6730,16587117.123333333
6731,2000646.4966666666
6732,16313013.606666667
6733,174163779.09333333
6734,9597631.33
6735,225737914.39333335
6736,2379455.06
6737,2490581.993333333
6738,30458805.476666667
6739,24238690.95
6740,1267485.78
6741,2583522.0566666666
6742,18735142.56
6743,206115035.59333333
6744,9372612.44
6745,1792196.1466666667
6746,89643078.62
6747,6462348.703333333
6748,550598.5933333334
6749,7588564.513333334
6750,3223767.2866666666
6751,17952656.726666667
6752,132606219.58
6753,12635755.76
6754,93926895.90333334
6755,2579412.8
6756,213276976.76
6757,113188452.95
6758,15291560.32
6759,165654824.41333333
6760,9065190.923333334
6761,11921354.336666666
6762,759271.5166666667
6763,79524946.01
6764,5984172.37
6765,180518055.95666668
6766,273310.69666666666
6767,22719300.35
6768,143028802.41333333
6769,35071441.85
6770,14367354.043333333
6771,6235402.416666667
6772,2672900.4766666666
6773,17535099.84
6774,198197393.01666668
6775,406445539.23
6776,1745107.36
6777,23018166.666666668
6778,52199732.446666665
6779,17571310.436666667
6780,82284617.47333333
6781,1888818.56
6782,183822358.72
6783,9262894.873333333
6784,5483954.556666667
6785,89534477.88
6786,1778143.7333333334
6787,14862674.503333334
6788,1293592.3666666667
6789,2152273.6233333335
6790,2719210.0866666664
6791,70967002.75
6792,471817288.51
6793,84262622.50666666
6794,2983228.36
6795,2664009.78
6796,911833175.6933334
6797,41503540.46
6798,48138514.733333334
6799,3019073.493333333
6800,108109192.34333333
6801,655760884.4
6802,30051535.413333334
6803,278818053.74333334
6804,25483259.653333332
6805,38216179.17666667
6806,5192020.276666666
6807,34189101.28333333
6808,2597890.66
6809,5758362.413333333
6810,13683480.66
6811,25807768.633333333
6812,11347838.846666666
6813,226302964.78333333
6814,425703.4533333333
6815,6795474.376666667
6816,14474472.216666667
6817,35130.316666666666
6818,10749070.963333333
6819,75691206.23
6820,64729040.59
6821,17374575.71
6822,27033690.876666665
6823,21620103.523333333
6824,168630323.79666665
6825,45002612.71666667
6826,6263519.743333333
6827,1440844.8166666667
6828,793100.6033333334
6829,4632905.193333333
6830,7046539.42
6831,91335986.45666666
6832,22614517.903333332
6833,4439484.203333333
6834,3677200.6533333333
6835,122470320.97333333
6836,471700.68333333335
6837,139997679.28333333
6838,5667223.01
6839,11884005.713333333
6840,11379255.156666666
6841,9415187.796666667
6842,5872600.706666667
6843,7614666.676666667
6844,282462000.92333335
6845,6628100.23
6846,33641005.61666667
6847,1782077.76
6848,15665697.603333334
6849,3198843.1933333334
6850,77021300.81
6851,150617780.72333333
6852,19512439.3
6853,9915361.04
6854,39292767.25333333
6855,34654713.67
6856,444433.7133333333
6857,16685060.683333334
6858,19069038.47
6859,44170249.38333333
6860,4211781.923333333
6861,26827983.05
6862,56386914.61
6863,211066768.31333333
6864,4909511.863333333
6865,3350094.87
6866,148432131.00666666
6867,19241007.053333335
6868,1086046940.99
6869,46360848.52
6870,353139.55
6871,60946868.20666666
6872,4335154.546666667
6873,24109943.683333334
6874,31623612.10333333
6875,11861202.83
6876,35015775.653333336
6877,14471400.826666666
6878,1528801.9533333334
6879,5004221.163333333
6880,1824782.1066666667
6881,5052769.4366666665
6882,37107049.596666664
6883,75816229.13333334
6884,20115866.716666665
6885,9939246.946666667
6886,5601410.173333333
6887,71254448.18
6888,78664718.16666667
6889,2870042.6366666667
6890,18928227.683333334
6891,29669137.93
6892,113322870.92
6893,211343716.81666666
6894,38149564.5
6895,2687539.12
6896,3198599.6733333333
6897,692511.7133333334
6898,2243465.7466666666
6899,6155670.9
6900,36223336.196666665
6901,28885881.06
6902,3396235.473333333
6903,15779446.203333333
6904,166402456.45
6905,34154652.75666667
6906,154106914.92
6907,10439623.536666667
6908,6086554.403333333
6909,270171.99
6910,946905.2466666667
6911,8430795.236666666
6912,9957817.843333334
6913,976568523.8166667
6914,472447185.86333334
6915,152196455.82333332
6916,18883797.30666667
6917,871977493.0433333
6918,13729816.926666666
6919,3274209.5433333335
6920,163287087.0
6921,373942043.23
6922,3225525.1466666665
6923,10051261.266666668
6924,1844579.9466666668
6925,6659548.346666667
6926,15955426.113333333
6927,200686.08
6928,36835008.11666667
6929,77656246.86
6930,163143620.79333332
6931,5098897.376666667
6932,2315670.006666667
6933,5373229.316666666
6934,101296050.47
6935,899993.1633333333
6936,2343092.8633333333
6937,357058823.9533333
6938,2733158.66
6939,8259326.716666667
6940,199083452.49666667
6941,81640165.24666667
6942,19744655.17
6943,4192902.756666667
6944,181370487.84333333
6945,8177259.75
6946,56956244.44
6947,14857047.13
6948,16428649.476666667
6949,201431649.82333332
6950,455806510.82
6951,549326.08
6952,17291310.85333333
6953,16435796.5
6954,27506379.916666668
6955,108223139.43333334
6956,7125244.58
6957,6834338.53
6958,640429.2433333333
6959,2719391.37
6960,41672945.45666666
6961,7898602.496666667
6962,233347195.20333335
6963,9900152.206666667
6964,21226519.94
6965,4146942.8433333333
6966,172190999.9
6967,91938464.19
6968,1258953.3633333333
6969,1575613.34
6970,5867118.573333333
6971,148423026.19
6972,864005.7133333334
6973,65743317.446666665
6974,74784043.43666667
6975,89647319.20666666
6976,39572041.873333335
6977,1797714.1433333333
6978,1406383.7
6979,37206762.38333333
6980,15332757.276666667
6981,5251735.4366666665
6982,12774704.11
6983,1226134.91
6984,94979350.99333334
6985,359094891.49333334
6986,38912777.88
6987,5804957.393333334
6988,11979128.753333334
6989,8152024.48
6990,401316556.47333336
6991,8138519.15
6992,1193075.9433333334
6993,16006048.84
6994,6615848.383333334
6995,19792296.89
6996,60224146.45
6997,478847.26
6998,6006702.37
6999,107084383.79333334
7000,5171929.193333333
7001,4472951.963333333
7002,12115153.283333333
7003,22025931.893333334
7004,37484092.35666667
7005,849288.13
7006,827986.9933333333
7007,5723141.54
7008,108754305.12333333
7009,13477247.6
7010,3718106.796666667
7011,4146106.986666667
7012,3209361.11
7013,7886818.906666666
7014,4282059.263333334
7015,143229444.61666667
7016,263730825.0
7017,21598761.586666666
7018,18910173.053333335
7019,137103582.76333332
7020,42463797.42333333
7021,22835955.606666666
7022,78344656.63
7023,58246072.48
7024,8634573.576666666
7025,12660607.023333333
7026,447981305.39666665
7027,54903872.85666667
7028,6843043.783333333
7029,43568562.39
7030,37415634.95
7031,59674410.79333334
7032,19845147.033333335
7033,9839562.736666666
7034,1865878.26
7035,23978535.01
7036,1543587.5433333332
7037,12517000.526666667
7038,1551856.62
7039,86754195.22666667
7040,16727776.68
7041,42020482.49666667
7042,75304349.50666666
7043,291173.05666666664
7044,13224234.313333333
7045,7096188.223333334
7046,73301631.7
7047,240442113.53333333
7048,14353974.716666667
7049,36160833.99
7050,71194.91
7051,11117513.596666666
7052,91451578.09333333
7053,92946667.11
7054,46796409.63333333
7055,92271151.68666667
7056,306022097.33
7057,10525106.763333334
7058,3023375.55
7059,13415440.24
7060,11013544.176666666
7061,15855034.59
7062,56948671.28
7063,87260.26333333334
7064,120848060.74666667
7065,36045075.20666666
7066,8995650.02
7067,689251.66
7068,66429508.62
7069,9526837.76
7070,184252534.11666667
7071,220494978.13333333
7072,477175.12
7073,13285248.226666667
7074,1995312.6566666667
7075,141158743.73
7076,97918770.11666666
7077,94997787.10333334
7078,35845654.06666667
7079,8183170.663333333
7080,9431054.313333333
7081,4508425.0633333335
7082,972817.29
7083,925059.9766666667
7084,16271820.72
7085,15164113.34
7086,3084416.5766666667
7087,223094390.21333334
7088,89890525.98
7089,393824.01
7090,13899062.923333334
7091,7021670.453333333
7092,601902164.8133334
7093,36339756.20333333
7094,22959870.02
7095,7762559.3966666665
7096,93888611.33333333
7097,118719970.32
7098,31153062.27
7099,73586739.35666667
7100,7716137.503333333
7101,33775129.97666667
7102,1300839.2
7103,5034564.393333334
7104,1084522.0866666667
7105,83792287.86333333
7106,45279999.666666664
7107,35962027.79333334
7108,66280417.36666667
7109,70235908.53666666
7110,702666.4066666666
7111,27962881.083333332
7112,310093018.98
7113,170675288.4
7114,20508835.593333334
7115,22340619.23
7116,70721956.06
7117,1672999.94
7118,15190764.41
7119,57166611.68666667
7120,1144455.2833333334
7121,2195744.6566666667
7122,1915170.3966666667
7123,2683571.3966666665
7124,394706429.80333334
7125,153238602.70666668
7126,349172862.65
7127,36426381.39
7128,17180160.703333333
7129,7361324.06
7130,14048550.92
7131,18298102.783333335
7132,38142966.556666665
7133,155549810.14666668
7134,61081624.63666666
7135,112939372.33666667
7136,54280661.45333333
7137,11001913.483333332
7138,12639388.143333333
7139,5282451.786666667
7140,159632616.66333333
7141,296502.64
7142,10153880.19
7143,95998738.71333334
7144,2229923.6233333335
7145,27740750.46
7146,1717267.31
7147,18408854.99
7148,88999594.88666667
7149,26704387.59
7150,19231768.003333334
7151,7911257.96
7152,115926781.21333334
7153,1271146.3466666667
7154,37154709.74
7155,360157877.95666665
7156,41785172.37
7157,95546082.26333334
7158,1006654.5766666667
7159,584080.1633333333
7160,136469.05666666667
7161,84435188.17666666
7162,499092969.56
7163,19862252.496666666
7164,449189.3566666667
7165,162399097.54333332
7166,12520241.55
7167,2180503.38
7168,1818075.2166666666
7169,16549233.273333333
7170,21719988.28
7171,23355447.446666665
7172,11040932.33
7173,15374944.133333333
7174,2213713.03
7175,3331826.3466666667
7176,89374025.86
7177,112038157.96
7178,12607832.153333334
7179,100078991.06666666
7180,950420.8133333334
7181,6067474.326666667
7182,98617768.42333333
7183,554050.3266666667
7184,1381191728.7566667
7185,20615178.35
7186,26902487.996666666
7187,102186001.18333334
7188,90394934.87
7189,14823145.81
7190,3883855.3433333333
7191,38171.816666666666
7192,21017235.303333335
7193,16787022.57
7194,279898800.00666666
7195,33467914.30666667
7196,36359339.67333333
7197,12726298.3
7198,14075455.836666666
7199,34648064.95333333
7200,144477920.00333333
7201,6638492.6466666665
7202,22445362.5
7203,440689.08666666667
7204,55555027.82666667
7205,237268651.08333334
7206,83496677.38333334
7207,348273847.49
7208,12284964.923333334
7209,8130197.65
7210,696534.28
7211,451882.87
7212,22018111.606666666
7213,29033249.716666665
7214,250928257.09
7215,323386752.11
7216,139538264.94666666
7217,552563.6533333333
7218,49721702.70666666
7219,3526883.3066666666
7220,83146515.24333334
7221,12772816.49
7222,85843372.12666667
7223,5944454.886666667
7224,7987437.833333333
7225,1001339.2066666667
7226,65715548.153333336
7227,102118845.47333333
7228,188450738.60666665
7229,22677769.356666666
7230,1276383.0166666666
7231,20845401.89666667
7232,466314840.0566667
7233,226971410.68333334
7234,249546253.14333335
7235,64957095.78
7236,131498563.63
7237,7082351.206666667
7238,3646289.4433333334
7239,1113709561.42
7240,81713296.10333334
7241,211577310.77333334
7242,62637732.94
7243,13758008.643333333
7244,35145884.25333333
7245,1202705.6833333333
7246,1777848.57
7247,199218818.97
7248,67376264.61
7249,20371741.8
7250,748886.1666666666
7251,37669044.99666667
7252,12486422.836666666
7253,17278420.58
7254,69480662.10333334
7255,1192183.97
7256,13471610.5
7257,3664794.3966666665
7258,36347465.22666667
7259,9680227.15
7260,38801.95333333333
7261,657313167.64
7262,70086.84333333334
7263,85144144.69333333
7264,1566126.02
7265,2909854.1766666668
7266,90542795.24333334
7267,702793.0266666666
7268,4961233.31
7269,108713077.99
7270,218614557.53666666
7271,2463490.97
7272,88997179.72333333
7273,4264944.933333334
7274,8690533.326666666
7275,33052790.35
7276,4682645.523333333
7277,212720778.98
7278,436937853.18333334
7279,191191750.88
7280,82121488.41333333
7281,31879928.69
7282,32124211.566666666
7283,206533548.07333332
7284,203037.92333333334
7285,90074549.20666666
7286,192834040.02666667
7287,3076453.16
7288,18610240.95
7289,83058066.85333334
7290,26580686.55
7291,82934979.75
7292,3594784.9766666666
7293,18500227.333333332
7294,13187796.636666667
7295,52582271.17666667
7296,2809905.62
7297,34207156.45
7298,2846771.276666667
7299,3785251.526666667
7300,4173486.3966666665
7301,31746685.51
7302,4086328.203333333
7303,706357.4066666666
7304,16663451.78
7305,11856339.356666667
7306,462555574.39666665
7307,636987.8433333334
7308,5389345.446666666
7309,55230530.693333335
7310,13729152.176666666
7311,6669494.556666667
7312,141172932.41
7313,154993644.96
7314,9966736.296666667
7315,15461842.533333333
7316,13959486.726666667
7317,21804015.19
7318,85938156.36
7319,4018592.3133333335
7320,593492078.4066666
7321,1938298.78
7322,10539703.57
7323,68360872.31
7324,12030770.963333333
7325,216186567.62333333
7326,314005525.63
7327,10359477.87
7328,57039455.63
7329,141216732.51333332
7330,318562529.9866667
7331,116737731.11666666
7332,42184819.053333335
7333,105642901.12666667
7334,14641446.753333334
7335,41182590.02
7336,106249430.65666667
7337,16083104.416666666
7338,39000749.45666666
7339,39673259.00333333
7340,13299551.736666666
7341,721022.84
7342,98611298.39
7343,3505793.236666667
7344,30501611.966666665
7345,5788755.856666666
7346,11335434.466666667
7347,9924983.433333334
7348,6049439.92
7349,78189197.87
7350,23174078.21
7351,40246344.96666667
7352,449683.91
7353,6623457.68
7354,620921.3333333334
7355,50507541.696666665
7356,38894744.43
7357,7560327.746666667
7358,13684189.216666667
7359,78004930.35333334
7360,59297438.79666667
7361,470619.88
7362,224587960.75666666
7363,801667254.7933333
7364,2040570.8733333333
7365,52110450.516666666
7366,49455866.45333333
7367,1232802.16
7368,39043357.013333336
7369,26302882.003333334
7370,90199361.84333333
7371,1085167.3266666667
7372,116886257.58
7373,397151835.73333335
7374,70533827.25
7375,74393977.26
7376,2058275.3166666667
7377,53717158.46666667
7378,93886746.9
7379,95785720.61
7380,7634890.84
7381,6358180.696666666
7382,16869982.283333335
7383,520766.9766666667
7384,20753933.483333334
7385,34950270.98
7386,43756133.876666665
7387,702971.9966666667
7388,1258105.6933333334
7389,522521.2866666667
7390,195431.10333333333
7391,14206077.853333334
7392,7113988.156666666
7393,529715536.4433333
7394,62431672.88333333
7395,46999858.14666667
7396,46439100.72
7397,172943046.94333333
7398,3387083.67
