id,revenue
3001,25767580.69333333
3002,7785849.613333333
3003,43987825.62
3004,32591449.34
3005,32863329.753333334
3006,39084702.15
3007,12080262.646666666
3008,62775142.03666667
3009,51410732.86333334
3010,421211887.4033333
3011,1280401.2933333332
3012,1440529.76
3013,33306374.48
3014,2167328.0733333332
3015,55608156.50666667
3016,1990833.3433333333
3017,103660041.44666667
3018,193038002.38333333
3019,24009596.11
3020,767311496.4633334
3021,89271720.15666667
3022,45452095.766666666
3023,2189954.9966666666
3024,52953777.57666667
3025,2366149.9833333334
3026,102334872.84333333
3027,14277625.283333333
3028,129861564.91666667
3029,2248823.7133333334
3030,68652775.86666666
3031,26795532.813333333
3032,20850364.946666665
3033,4842995.093333334
3034,1249369.5933333333
3035,6556564.536666667
3036,29544737.6
3037,79929956.19
3038,67901509.52
3039,46434800.68333333
3040,11856990.663333334
3041,31626918.036666665
3042,6009769.483333333
3043,14390393.923333334
3044,9816178.353333334
3045,331844870.74
3046,8587915.033333333
3047,48752700.01
3048,44666321.39
3049,39482825.803333335
3050,124684633.38
3051,2503499.4033333333
3052,30283772.526666667
3053,974489.6733333333
3054,9705296.126666667
3055,82020686.99
3056,2148518.25
3057,86314768.75666666
3058,647799156.96
3059,6729696.496666667
3060,126365284.34
3061,67236826.71666667
3062,106130932.99666667
3063,74289757.24333334
3064,175490137.30333334
3065,28510854.72
3066,104511308.30666667
3067,6408307.99
3068,51075199.97
3069,344052193.04333335
3070,3297984.0033333334
3071,26134133.313333333
3072,698008077.79
3073,6319930.893333334
3074,2424176.9633333334
3075,52770831.196666665
3076,258286490.85
3077,47119645.916666664
3078,130542049.60666667
3079,85042378.01666667
3080,120413802.69
3081,75876297.36666666
3082,25318336.873333335
3083,10130117.97
3084,2625171.26
3085,25113880.68
3086,112069221.29333334
3087,2373739.61
3088,1509170.2733333334
3089,1746095.9033333333
3090,58813380.97
3091,37494156.06333333
3092,15292111.23
3093,309254320.6333333
3094,123140617.29
3095,46412206.31
3096,3374259.9766666666
3097,818564398.39
3098,20469028.536666665
3099,83045865.36666666
3100,24058864.173333332
3101,28265863.276666667
3102,34128522.086666666
3103,3530458.94
3104,7326322.66
3105,137437137.47666666
3106,99053743.71
3107,43843975.72333334
3108,13643719.373333333
3109,26684204.2
3110,405650455.9866667
3111,4556794.633333334
3112,1792349.4266666668
3113,19581331.356666666
3114,51565721.86
3115,36961470.02
3116,25325236.403333332
3117,4182518.446666667
3118,9820239.696666667
3119,187885468.02666667
3120,244707400.72
3121,5732052.036666667
3122,18938858.166666668
3123,98112827.60666667
3124,2796551.9833333334
3125,5190483.39
3126,43711535.67
3127,18368047.096666668
3128,46185636.266666666
3129,229496079.55
3130,26211801.866666667
3131,5500447.906666666
3132,7848642.406666666
3133,8492258.963333333
3134,22366629.72
3135,5775666.846666667
3136,8173265.656666666
3137,208557776.75
3138,2663719.48
3139,49413599.74666667
3140,83221573.66
3141,16976793.033333335
3142,9873033.873333333
3143,208888850.34
3144,12675907.136666667
3145,29597978.41
3146,6804379.923333333
3147,47289655.593333334
3148,14357020.3
3149,86198677.05666667
3150,86555554.58
3151,21255719.283333335
3152,35175785.04666667
3153,25222417.363333333
3154,12916059.186666667
3155,50272827.72666667
3156,13763193.36
3157,41782069.17666667
3158,144831334.83
3159,65978800.43333333
3160,32306086.69
3161,1653360.3533333333
3162,29036254.446666665
3163,56997825.71
3164,13214574.036666667
3165,1235502.4533333334
3166,3350405.8733333335
3167,94469757.81333333
3168,3504304.9233333333
3169,74356202.06666666
3170,46081804.946666665
3171,98573984.87
3172,42725126.24666667
3173,3139760.9966666666
3174,10292363.526666667
3175,21613670.376666665
3176,50596599.06333333
3177,68682902.44333333
3178,7290168.746666667
3179,17489649.316666666
3180,24095873.883333333
3181,4335175.763333334
3182,365510807.31
3183,35306841.596666664
3184,54039770.263333336
3185,79191233.29
3186,55923136.06666667
3187,34366898.68666667
3188,42679175.623333335
3189,107205656.21
3190,31248807.713333335
3191,35153884.45666666
3192,23535018.516666666
3193,307581276.43
3194,122172830.43666667
3195,1129101.9333333333
3196,26181205.006666668
3197,101349292.06666666
3198,147262352.80333334
3199,282850992.01666665
3200,19974803.49
3201,15935428.1
3202,24117253.28
3203,3203091.006666667
3204,11044318.326666666
3205,5957690.083333333
3206,24761759.58
3207,68609004.17
3208,31664355.313333333
3209,8768126.53
3210,470302374.43333334
3211,1912515.3533333333
3212,67430272.95
3213,186533767.25666666
3214,11880773.78
3215,6165343.623333333
3216,13804915.443333333
3217,373228025.5933333
3218,9532637.426666666
3219,10740075.573333334
3220,209929122.66666666
3221,13893097.023333333
3222,13251023.243333334
3223,37558999.38
3224,4150221.446666667
3225,7340056.42
3226,5814270.356666666
3227,110503395.76333334
3228,162302508.13
3229,147279240.51666668
3230,32097795.726666667
3231,43362445.056666665
3232,97785244.89333333
3233,8246294.673333333
3234,36391852.846666664
3235,46679460.70666666
3236,8437683.983333332
3237,36464462.623333335
3238,21029505.653333332
3239,2219457.946666667
3240,296572808.2966667
3241,11487902.066666666
3242,22711464.47
3243,12026920.586666666
3244,12881542.833333334
3245,12004797.916666666
3246,50112157.65
3247,47213892.65
3248,62557146.88
3249,25276740.523333333
3250,359898618.97
3251,4151193.5
3252,30614765.60333333
3253,72874456.67
3254,3931989.946666667
3255,849472.9433333334
3256,83282525.59
3257,35176015.93666667
3258,42329610.92666667
3259,78325233.34
3260,5328031.003333333
3261,611291656.8766667
3262,32790448.68
3263,2482431.3
3264,2157818.5033333334
3265,892454.1066666667
3266,943479.7533333333
3267,55459976.126666665
3268,2314827.95
3269,40346250.99666667
3270,73808002.29666667
3271,11399492.563333333
3272,13779521.556666667
3273,28633645.086666666
3274,427575840.2866667
3275,35111927.35333333
3276,8711392.356666667
3277,14707887.306666667
3278,96303413.36
3279,74106673.21333334
3280,306543540.79
3281,2564840.95
3282,10986531.213333333
3283,413607063.61
3284,51920371.76
3285,78249672.92666666
3286,4334952.553333334
3287,14718841.323333334
3288,40741325.77
3289,111198019.36333333
3290,191909818.83333334
3291,86323388.73333333
3292,251811237.34333333
3293,98739888.33666667
3294,15007695.7
3295,15660478.14
3296,7626445.193333333
3297,10892639.03
3298,105682173.27333333
3299,17634977.156666666
3300,33229295.713333335
3301,1525719.3566666667
3302,10362359.716666667
3303,26484358.586666666
3304,22252641.823333334
3305,48010254.64666667
3306,2085061.7533333334
3307,140213079.48333332
3308,12741753.54
3309,20533131.686666667
3310,9563933.043333333
3311,10886068.57
3312,40251818.60333333
3313,80849680.63333334
3314,18357748.576666668
3315,116149543.89
3316,34591926.79666667
3317,6225466.473333334
3318,4403742.766666667
3319,6560965.55
3320,31239078.06
3321,11401785.406666666
3322,8318183.92
3323,164164907.18666667
3324,33700748.14666667
3325,130606398.31333333
3326,200277083.55666667
3327,66214693.093333334
3328,22806132.946666665
3329,12465423.183333334
3330,126755861.64
3331,8049390.6
3332,47313147.02666666
3333,319610553.15
3334,12853587.52
3335,62582708.99
3336,22486792.43
3337,1138953.47
3338,24929713.223333333
3339,10812546.776666667
3340,166071267.10666665
3341,79242138.9
3342,73478935.47333333
3343,71277760.06666666
3344,2432912.8233333332
3345,6668231.49
3346,35446784.843333334
3347,1081189.9966666666
3348,27154706.94
3349,108511265.26
3350,204279850.65
3351,83271707.9
3352,10766306.693333333
3353,140440507.57
3354,4293803.336666667
3355,3907179.256666667
3356,40427560.88666666
3357,5421619.246666667
3358,32400460.883333333
3359,44072424.68
3360,30422591.61
3361,147259495.52333334
3362,24871816.983333334
3363,12452699.576666666
3364,26516464.803333335
3365,1829696.15
3366,82528145.95666666
3367,147220248.99
3368,3645399.203333333
3369,70458914.93333334
3370,123025110.11333333
3371,65250513.833333336
3372,97391793.6
3373,156771683.51
3374,15646364.666666666
3375,93812140.59333333
3376,36442512.55
3377,18358272.39666667
3378,16419578.163333334
3379,219136669.43
3380,52830532.38333333
3381,22014214.69
3382,3174005.6566666667
3383,9818180.38
3384,41293070.70333333
3385,123078868.21
3386,5731019.41
3387,6653041.133333334
3388,160633474.52666667
3389,1175527045.52
3390,64124735.0
3391,13723456.816666666
3392,26093340.516666666
3393,10731072.123333333
3394,159064010.19333333
3395,123352719.48666666
3396,26478900.44
3397,1064855.66
3398,353391037.63
3399,100470435.37333333
3400,18842878.21
3401,3806597.39
3402,4748216.0
3403,156739467.33333334
3404,27364938.04
3405,37184817.18666667
3406,210358316.01333332
3407,306053144.74666667
3408,82697101.9
3409,2736140.816666667
3410,46929590.93666667
3411,68913153.06666666
3412,25767202.53
3413,75155897.23
3414,13745016.473333333
3415,68314798.78333333
3416,147069625.83
3417,62901534.766666666
3418,110718283.26666667
3419,298262836.0833333
3420,7839599.476666667
3421,24351380.493333332
3422,12110966.62
3423,483955817.55
3424,2537020.7866666666
3425,6025027.516666667
3426,114018340.21666667
3427,35158271.096666664
3428,8013241.593333334
3429,55376426.70333333
3430,931994092.0966667
3431,6079346.316666666
3432,14794696.446666667
3433,18127219.73
3434,6631496.24
3435,282692760.49
3436,173074434.91666666
3437,28601685.72
3438,24400615.57
3439,96067292.29333334
3440,63393991.17333333
3441,113580323.45333333
3442,15698512.443333333
3443,5902632.126666667
3444,8069793.696666666
3445,79381710.63333334
3446,2892421.7333333334
3447,23395424.033333335
3448,52131912.24333333
3449,9919313.906666666
3450,52441498.586666666
3451,121781029.32333334
3452,48012110.47
3453,70716160.17333333
3454,27306970.596666668
3455,25439771.44333333
3456,151126287.74333334
3457,61305903.24333333
3458,21306468.276666667
3459,722635437.96
3460,69554762.46333334
3461,16179599.376666667
3462,21359816.936666667
3463,73427561.22333333
3464,2851518.1233333335
3465,55266491.56333333
3466,83866723.42666666
3467,13873720.696666667
3468,144387472.60333332
3469,21013258.48
3470,2763298.4233333333
3471,68446643.00333333
3472,3520049.5966666667
3473,109024236.93333334
3474,114993087.15333334
3475,337269425.6
3476,9137433.85
3477,55193780.56333333
3478,15403692.49
3479,206164783.27333334
3480,25124769.886666667
3481,12771132.35
3482,3268376.21
3483,3359392.933333333
3484,4762301.88
3485,97729914.37
3486,183806381.16666666
3487,73810452.81666666
3488,143086604.2
3489,24144897.913333334
3490,19240284.476666667
3491,43870469.32
3492,8841033.983333332
3493,52420665.32666667
3494,15303199.25
3495,87778021.12666667
3496,24095842.37
3497,158964490.95666668
3498,3351555.36
3499,16498726.73
3500,6348413.246666667
3501,191614958.77666667
3502,56784301.263333336
3503,49732710.00666667
3504,105143062.50333333
3505,13059887.986666666
3506,97804507.41333333
3507,216245986.75666666
3508,18973149.15
3509,35396444.86
3510,66465046.14666667
3511,58621881.96333333
3512,166451726.01
3513,9916965.69
3514,54458731.01
3515,4624391.483333333
3516,34437868.96
3517,698404343.87
3518,46582507.736666664
3519,29089036.123333335
3520,12573913.7
3521,2822615.953333333
3522,32707381.373333335
3523,95209763.10666667
3524,109567775.26666667
3525,192336336.23333332
3526,91200915.02333333
3527,40029979.45666666
3528,3406554.3966666665
3529,680941269.69
3530,83120758.78
3531,81110693.77666667
3532,116770496.31
3533,40116255.443333335
3534,60854547.78666667
3535,327401567.6533333
3536,16175346.35
3537,111048186.78333333
3538,159796836.44666666
3539,43252853.913333334
3540,39221601.22
3541,30200816.276666667
3542,22495804.183333334
3543,1493488.52
3544,39151360.02
3545,2128033.77
3546,7767927.846666667
3547,188016593.77
3548,549177562.5866667
3549,9919947.333333334
3550,515121666.5566667
3551,181895258.81
3552,76201262.96666667
3553,138495133.87
3554,179941851.01666668
3555,123318703.67666666
3556,128051941.18333334
3557,30753346.216666665
3558,206891114.28666666
3559,110459766.49
3560,21702223.04
3561,80548664.69666667
3562,15564301.563333333
3563,10686999.8
3564,2144678.966666667
3565,11823280.606666667
3566,75381975.41
3567,17526163.62
3568,7769353.576666667
3569,102424760.21333334
3570,8602946.836666666
3571,50446990.86333334
3572,224826222.66666666
3573,14455638.94
3574,26016597.446666665
3575,16146537.786666667
3576,35997569.343333334
3577,18025213.373333335
3578,158753413.70333335
3579,44268341.3
3580,50604833.61333334
3581,61038003.513333336
3582,107441147.69333333
3583,3089249.6333333333
3584,18369482.183333334
3585,78444778.48
3586,82615372.11666666
3587,52526887.556666665
3588,2957953.196666667
3589,13251696.683333334
3590,95484845.39
3591,485398090.61333334
3592,2760384.91
3593,4751612.6466666665
3594,20985246.136666667
3595,39926169.63666666
3596,36191671.766666666
3597,27044096.773333333
3598,57935103.79333334
3599,29466496.74
3600,16273646.056666667
3601,4253186.863333333
3602,6370349.46
3603,33597361.77
3604,7678300.216666667
3605,54318543.876666665
3606,25270892.09
3607,61113304.22
3608,156661908.77666667
3609,4798829.976666667
3610,45071233.346666664
3611,1904520.8866666667
3612,7913565.726666667
3613,70816749.62
3614,91122034.28666666
3615,128606982.03666666
3616,20077674.77
3617,18734195.813333333
3618,107048486.83666667
3619,2747022.013333333
3620,92964947.63666667
3621,469601581.93333334
3622,513994519.44
3623,100675341.31333333
3624,4533965.1
3625,4874279.83
3626,60343143.696666665
3627,68602452.69
3628,483427421.8333333
3629,6332907.666666667
3630,3101333.1766666668
3631,177521523.94666666
3632,45286686.57
3633,84250261.65
3634,3082258.263333333
3635,7534035.003333333
3636,32072489.433333334
3637,4476582.616666666
3638,28531218.9
3639,128352310.36333333
3640,409746309.97
3641,53203495.17333333
3642,9105206.846666666
3643,26087655.13
3644,22365262.21
3645,35426279.45
3646,55160232.20666666
3647,63878294.64333333
3648,13437550.093333334
3649,11722018.146666666
3650,37039875.84
3651,462919487.76666665
3652,24918267.24
3653,293785898.2966667
3654,63623615.99333333
3655,28041706.993333332
3656,27114488.533333335
3657,1498345.22
3658,10825064.653333334
3659,96511411.20333333
3660,291196280.01666665
3661,15106398.24
3662,58679258.38666666
3663,465083430.31
3664,2572892.7533333334
3665,6516979.653333333
3666,16400545.523333333
3667,130107864.9
3668,55484093.11666667
3669,7755105.92
3670,57191788.71666667
3671,48363371.61666667
3672,10478718.433333334
3673,128263750.80666667
3674,31161160.32
3675,402536152.51
3676,80667891.83333333
3677,87676839.70666666
3678,30840468.226666667
3679,67528633.68
3680,5799418.503333333
3681,12834098.19
3682,249605095.22333333
3683,8339285.233333333
3684,104537490.32666667
3685,152567519.22666666
3686,45323270.413333334
3687,205020762.19666666
3688,7080571.923333333
3689,8037251.14
3690,91327787.36666666
3691,7189372.926666667
3692,7276418.76
3693,160485553.09
3694,122143208.30333333
3695,136764156.28333333
3696,47202995.053333335
3697,54300221.14
3698,70664146.50666666
3699,75222950.89
3700,31743405.53
3701,30475780.62
3702,514965.38666666666
3703,53183282.64
3704,111485038.16333333
3705,12316929.5
3706,74338506.28666666
3707,3177474.533333333
3708,18346501.29
3709,391307609.61333334
3710,33525486.746666666
3711,5997397.51
3712,30834164.163333334
3713,49856548.82333333
3714,3617150.87
3715,29342322.283333335
3716,4340822.8
3717,1515415.4933333334
3718,14582262.866666667
3719,61951167.82333333
3720,23580645.19333333
3721,1735134.0033333334
3722,63934876.03333333
3723,2967120.183333333
3724,15744325.706666667
3725,48828214.37
3726,25389124.456666667
3727,111327342.1
3728,177566491.54333332
3729,46538058.35
3730,74193713.52333333
3731,206417192.03666666
3732,2051598.8433333333
3733,177160106.69666666
3734,426084839.78
3735,25331127.936666667
3736,18330316.01
3737,17720631.416666668
3738,1165566.41
3739,20164997.003333334
3740,55652207.01
3741,8265936.316666666
3742,90067807.71666667
3743,24430267.816666666
3744,186490390.12333333
3745,69109743.70666666
3746,138823233.13
3747,2899039.1133333333
3748,17583244.246666666
3749,11233481.476666667
3750,6806261.443333333
3751,31584473.493333332
3752,3873070.1533333333
3753,17651093.96
3754,55021511.25666667
3755,80500528.90666667
3756,193425949.12666667
3757,362342163.6666667
3758,161361691.30666667
3759,17211017.703333333
3760,276532160.6
3761,127459419.69666667
3762,252084250.51333332
3763,6493750.663333333
3764,57088233.97666667
3765,16265146.376666667
3766,18769976.713333335
3767,36896235.766666666
3768,55647129.08
3769,4106849.6333333333
3770,35017193.24
3771,58543874.48
3772,49094462.89333333
3773,42073669.6
3774,25486975.673333332
3775,195707220.57333332
3776,144299478.44666666
3777,3845184.053333333
3778,3369685.9966666666
3779,23749796.143333334
3780,3118480.47
3781,32076626.63
3782,5494045.163333333
3783,21296721.423333332
3784,18288293.39
3785,348983799.28
3786,22331916.6
3787,169509876.04666665
3788,543516145.7766666
3789,30363923.293333333
3790,8908162.66
3791,23110916.36
3792,1264848.6633333333
3793,4851577.76
3794,3735205.37
3795,588748235.3766667
3796,21535463.06
3797,20868199.033333335
3798,72009479.76666667
3799,16464132.81
3800,2418842.85
3801,61205998.0
3802,1235063.28
3803,24731833.506666668
3804,3007371.34
3805,15619401.213333333
3806,115393784.01333334
3807,7613092.9
3808,8309301.08
3809,46307747.02666666
3810,21162454.16
3811,27171854.7
3812,13937973.303333333
3813,3228007.25
3814,12353386.053333333
3815,160385006.81
3816,106072595.32
3817,192248309.48666668
3818,122520375.12666667
3819,118013624.17333333
3820,112377811.42333333
3821,126591329.76333334
3822,13907300.423333334
3823,29081455.15
3824,4616830.726666667
3825,11338614.53
3826,76944147.73666666
3827,92462744.98333333
3828,29188695.833333332
3829,1046555.37
3830,56758453.593333334
3831,3938309.6866666665
3832,188778301.74333334
3833,37919450.27333333
3834,58013226.91
3835,23619442.17
3836,4119195.2866666666
3837,39005897.24666667
3838,142077724.43
3839,17731955.866666667
3840,36483832.62
3841,55834176.416666664
3842,11358681.333333334
3843,56577275.53333333
3844,4612220.956666667
3845,1493255.3466666667
3846,5492754.316666666
3847,2272895.9233333333
3848,3953925.5166666666
3849,133568770.76666667
3850,56490058.86
3851,69397671.18
3852,2425937.2733333334
3853,111133433.28
3854,6469421.4366666665
3855,4966222.51
3856,33901954.70666666
3857,721683310.1333333
3858,2830153.0933333333
3859,32756645.55666667
3860,44968333.18333333
3861,104453817.42
3862,22710216.536666665
3863,77150604.1
3864,99376997.32666667
3865,106854558.22333333
3866,15985801.063333333
3867,97187489.94333333
3868,9185762.103333334
3869,84964918.88333334
3870,131171071.45
3871,703828560.27
3872,26449235.186666667
3873,61442109.766666666
3874,9525808.556666667
3875,116995961.20333333
3876,3419432.776666667
3877,92052864.34333333
3878,144008240.05333334
3879,389006195.32
3880,14712035.71
3881,818399.5666666667
3882,10140265.65
3883,2683076.0633333335
3884,197109869.14666668
3885,9507123.256666666
3886,56101567.83
3887,20998702.483333334
3888,11364240.283333333
3889,114106078.92666666
3890,132123266.83666667
3891,9550812.183333334
3892,8532058.683333334
3893,390968712.7
3894,136580976.90333334
3895,47193429.946666665
3896,70651299.79666667
3897,18176455.13
3898,37840730.99666667
3899,726414327.71
3900,58932656.96
3901,12380681.41
3902,1925339.8866666667
3903,10213495.353333334
3904,15999944.416666666
3905,23646067.973333333
3906,79132294.15666667
3907,26991581.216666665
3908,22494211.60333333
3909,2657532.203333333
3910,68828523.33
3911,2355085.9266666668
3912,24008606.456666667
3913,101217621.12
3914,51593345.656666666
3915,261419904.11333334
3916,1467141.2366666666
3917,15784966.226666667
3918,7609230.263333334
3919,88265864.62333333
3920,22813911.713333335
3921,1465738.14
3922,16467735.483333332
3923,32906562.48
3924,40306633.51
3925,233703009.52666667
3926,15202110.466666667
3927,66665194.71333333
3928,84758053.45
3929,97429225.74666667
3930,7871459.253333333
3931,8528348.813333333
3932,23826846.913333334
3933,32559213.32
3934,102742089.3
3935,1111221.3433333333
3936,5626101.386666667
3937,255464011.6
3938,9194239.48
3939,48526984.57
3940,4342903.763333334
3941,26664168.973333333
3942,272961122.0966667
3943,806252174.0933334
3944,28303687.01333333
3945,87476679.04
3946,6038253.43
3947,56499754.50666667
3948,13942407.43
3949,7077002.783333333
3950,2500364.8966666665
3951,26574883.876666665
3952,75989975.58
3953,89182661.54666667
3954,499520948.1933333
3955,113047603.24
3956,136138122.43666667
3957,18916643.62
3958,13157794.623333333
3959,17586262.833333332
3960,4216430.306666667
3961,73168108.17333333
3962,7680865.1033333335
3963,39402652.92333333
3964,862195408.7933333
3965,136760032.82
3966,58324436.65
3967,385391461.13666666
3968,66661560.04666667
3969,14530436.206666667
3970,23258408.476666667
3971,24454534.303333335
3972,34227134.29333334
3973,103273747.77
3974,1808350.4466666668
3975,116089488.76666667
3976,108877766.71333334
3977,104543713.33666667
3978,133520510.37333333
3979,30715753.35333333
3980,3448040.45
3981,4310083.326666667
3982,22911623.78
3983,27517713.94333333
3984,282250778.2866667
3985,7939764.67
3986,807362129.4
3987,22499622.31
3988,11124045.69
3989,88656269.04666667
3990,39390423.10333333
3991,1171088.63
3992,17027073.546666667
3993,13484690.246666666
3994,59689667.28666667
3995,48979846.44
3996,103190440.67333333
3997,19189865.213333335
3998,99078208.40333334
3999,27047108.036666665
4000,107270048.41666667
4001,20154034.216666665
4002,215735283.46666667
4003,1015600.2966666666
4004,59848699.583333336
4005,3365939.243333333
4006,52533776.8
4007,2622289.71
4008,16444981.44
4009,32559118.71
4010,6343993.626666667
4011,30678816.093333334
4012,226316117.20333335
4013,96640073.73666666
4014,4864442.056666667
4015,67335046.35
4016,48032249.266666666
4017,13056118.62
4018,111392312.63666667
4019,322859617.39666665
4020,53511711.11333334
4021,46794558.836666666
4022,32252100.803333335
4023,234521875.8
4024,57086027.13
4025,771187.49
4026,106640078.33333333
4027,95482799.5
4028,6837811.933333334
4029,760896.39
4030,30932636.343333334
4031,127183345.37666667
4032,1957441.7633333334
4033,77646826.66
4034,7167021.29
4035,107228266.82
4036,26538707.64666667
4037,47546804.92666667
4038,17730604.35333333
4039,37699530.126666665
4040,18259146.833333332
4041,13974770.106666667
4042,67779843.47333333
4043,8902807.466666667
4044,64913412.71333333
4045,238581714.47333333
4046,44779359.5
4047,591025630.98
4048,13905479.29
4049,718787.6633333333
4050,5975874.6
4051,339177659.01666665
4052,30845907.933333334
4053,3581330.6133333333
4054,1304041.78
4055,17623753.143333334
4056,17374211.083333332
4057,2065746.12
4058,73143885.39666666
4059,7098285.363333333
4060,78255771.14666666
4061,118933463.36666666
4062,52925501.24
4063,38280760.233333334
4064,403323352.86
4065,162884919.00666666
4066,22095288.69333333
4067,41281809.233333334
4068,20629892.16
4069,21309974.656666666
4070,22266806.56
4071,12922454.096666666
4072,24750111.613333333
4073,161858797.2
4074,13846266.303333333
4075,59307282.85333333
4076,50073696.92666667
4077,342738420.37
4078,31468206.453333333
4079,128726309.51666667
4080,11597607.396666666
4081,15141186.293333333
4082,286955862.0133333
4083,51509309.3
4084,2058946.7266666666
4085,14175026.23
4086,126402641.57333334
4087,10036754.456666667
4088,52991790.68333333
4089,32804623.55666667
4090,6878378.863333333
4091,173337439.44333333
4092,52935230.5
4093,47755913.35666667
4094,23441293.816666666
4095,173479862.68666667
4096,27912910.01333333
4097,41425631.623333335
4098,8922761.81
4099,17015765.1
4100,117175804.96333334
4101,38004688.74666667
4102,9923487.376666667
4103,53644148.4
4104,13881639.476666667
4105,2036514.0966666667
4106,16193669.636666667
4107,4689572.22
4108,27437695.636666667
4109,2867154.473333333
4110,25738007.266666666
4111,6773957.38
4112,24445266.086666666
4113,13318576.583333334
4114,378282949.88
4115,9285454.123333333
4116,23631192.28
4117,14474913.336666666
4118,78406006.88
4119,25624216.333333332
4120,6807090.766666667
4121,11946274.256666666
4122,259605821.77
4123,24398021.876666665
4124,57533125.166666664
4125,33789786.75
4126,30390056.226666667
4127,8831138.166666666
4128,16869494.636666667
4129,5257630.36
4130,12862424.07
4131,176768580.84
4132,199000009.07333332
4133,36322828.263333336
4134,32428755.42
4135,12706719.203333333
4136,533264766.7266667
4137,8928213.993333334
4138,47232713.43333333
4139,22659684.3
4140,9641948.986666666
4141,14090541.413333334
4142,79376493.16666667
4143,40830311.59
4144,5180587.743333333
4145,60915113.52666666
4146,5734859.893333334
4147,5280888.106666666
4148,27615996.82
4149,16637562.25
4150,4315924.44
4151,6528928.846666667
4152,54354783.82666667
4153,22427536.313333333
4154,6390851.1
4155,36753251.836666666
4156,5204049.226666667
4157,4681167.54
4158,11554542.276666667
4159,62366393.28
4160,471794254.83666664
4161,48762760.36333334
4162,51050724.77333333
4163,114953672.73333333
4164,18831742.046666667
4165,17815901.933333334
4166,10628495.663333334
4167,204947275.03
4168,11723209.066666666
4169,21127958.746666666
4170,14795750.156666666
4171,157032297.57666665
4172,102674322.82
4173,35610653.14333333
4174,11844806.27
4175,16997430.98
4176,28743498.296666667
4177,1162410.6166666667
4178,456841802.25
4179,9714499.396666666
4180,123695256.03
4181,63806300.91
4182,13345075.923333334
4183,63939245.056666665
4184,17554986.563333333
4185,6863499.226666667
4186,30160888.503333334
4187,22980771.713333335
4188,22412577.54
4189,8820211.47
4190,2646823.203333333
4191,5978765.816666666
4192,1513369.3433333333
4193,324836298.98
4194,233566167.01333332
4195,21172818.153333332
4196,31303855.033333335
4197,46193679.07
4198,2286255.5966666667
4199,28502265.6
4200,122263311.10333334
4201,62822649.67333333
4202,156150392.91666666
4203,47427528.876666665
4204,122328435.5
4205,4429878.45
4206,62722633.39
4207,454834286.3566667
4208,605053184.4766667
4209,172772643.87666667
4210,108211880.75333333
4211,36525906.586666666
4212,548961642.8
4213,4989804.943333333
4214,28292467.886666667
4215,10834254.726666667
4216,2907101.56
4217,6316599.753333333
4218,48540516.35
4219,22532676.936666667
4220,49185277.99333333
4221,941187.7833333333
4222,20009117.923333332
4223,97913487.43333334
4224,10741594.143333333
4225,43296315.41
4226,35890255.513333336
4227,35526066.53333333
4228,1070852.9566666668
4229,81928014.37333333
4230,32214466.76
4231,7178905.99
4232,43696542.056666665
4233,55765279.28
4234,66200784.57
4235,35984971.08
4236,15180198.96
4237,4556398.59
4238,60112432.33
4239,191028972.74666667
4240,522067015.86
4241,134944067.63
4242,33145003.563333333
4243,4249232.09
4244,74001428.91666667
4245,12738034.37
4246,5506633.836666667
4247,59097842.76
4248,23242633.433333334
4249,60484604.43666667
4250,57513574.97666667
4251,4322394.21
4252,120310742.76333334
4253,72313034.60666667
4254,87036606.58333333
4255,62935274.59
4256,315173075.3566667
4257,137969968.61
4258,31733745.383333333
4259,23262884.776666667
4260,153414030.36666667
4261,20519458.126666665
4262,3908295.486666667
4263,6729227.34
4264,510862409.81
4265,47208965.653333336
4266,21374709.26
4267,41282242.85
4268,11652259.13
4269,21401091.296666667
4270,455614147.92
4271,38316254.99666667
4272,1354722.4633333334
4273,49958800.236666664
4274,135207474.72
4275,9568834.37
4276,29402638.063333333
4277,61298370.81333333
4278,31789336.663333334
4279,53043013.42666667
4280,3615053.6333333333
4281,6804766.63
4282,93255601.41
4283,1351719.6266666667
4284,20685570.156666666
4285,1737900.3033333332
4286,695029632.71
4287,20520881.24
4288,53612390.92
4289,193175258.39
4290,64988410.92
4291,25219982.243333332
4292,18853159.633333333
4293,16237634.693333333
4294,136024076.16333333
4295,116283548.13
4296,84787389.84
4297,66160675.39333333
4298,11332130.316666666
4299,50975466.58
4300,67661385.51666667
4301,23982971.563333333
4302,23302725.026666667
4303,11326162.266666668
4304,36455708.79333334
4305,32812650.516666666
4306,53123355.46
4307,1855587.27
4308,1479613.9066666667
4309,54268514.41
4310,5583687.6
4311,2837721.8633333333
4312,107649017.86
4313,117412313.00666666
4314,17624848.913333334
4315,129645409.08666667
4316,270991297.8333333
4317,6944298.726666667
4318,43137792.806666665
4319,2731891.45
4320,28627532.903333332
4321,57205754.20333333
4322,5724735.59
4323,17061353.866666667
4324,20145561.143333334
4325,11793639.653333334
4326,23839023.02
4327,107358809.59
4328,15437445.836666666
4329,3554572.01
4330,1082859470.8133333
4331,100112931.98
4332,67606365.86333333
4333,10825312.686666667
4334,99186767.29666667
4335,111790844.08333333
4336,61038501.21333333
4337,2247364.4633333334
4338,254468858.20666668
4339,140181014.45
4340,39179548.65
4341,23606776.293333333
4342,9183401.893333333
4343,44630819.8
4344,2888800.4566666665
4345,8551814.193333333
4346,62392250.553333335
4347,89733878.29
4348,4501918.06
4349,273645858.75
4350,15137254.583333334
4351,407616455.2633333
4352,6555323.276666666
4353,160162121.53666666
4354,42230513.06333333
4355,57770522.696666665
4356,13659271.483333332
4357,196372199.01
4358,12041336.48
4359,39191530.986666664
4360,48679708.38666666
4361,119393555.32333334
4362,7704642.593333334
4363,64796501.406666666
4364,154128332.31
4365,5860477.996666667
4366,64864451.31333333
4367,48555109.07333333
4368,157063794.24
4369,44554320.81
4370,96361453.82
4371,142790113.25
4372,31775623.903333332
4373,12281265.35
4374,56685929.22666667
4375,6837117.736666666
4376,1154687.3533333333
4377,10899405.11
4378,104890512.15
4379,149029878.08
4380,153762517.54333332
4381,195335133.50333333
4382,340821125.99333334
4383,214595776.02666667
4384,48493951.99666667
4385,6774546.83
4386,104527635.80666667
4387,71350680.25
4388,72609010.33
4389,276674883.77
4390,18639759.493333332
4391,3631939.1333333333
4392,152633838.96333334
4393,48351989.78
4394,46276931.32
4395,20466698.57
4396,34517036.04666667
4397,143344753.4
4398,132363155.78333333
4399,2691135.39
4400,7051646.02
4401,46273676.49
4402,28594382.28
4403,31503950.37
4404,66860737.51
4405,25528445.466666665
4406,4149098.53
4407,3495915.67
4408,826891.7
4409,2202270.776666667
4410,23959010.083333332
4411,6567600.236666666
4412,84012012.30666667
4413,60217877.763333336
4414,11218081.933333334
4415,32380934.37
4416,2665559.28
4417,189847238.86666667
4418,3773518.32
4419,64126665.876666665
4420,475518001.67
4421,4700350.726666667
4422,9683814.73
4423,14221519.94
4424,4907994.426666667
4425,98337886.52
4426,130412098.26
4427,67169574.16666667
4428,7478052.12
4429,2538044.546666667
4430,1764083.4333333333
4431,7609290.26
4432,256907970.25
4433,235087144.67666668
4434,602139723.31
4435,22154336.51
4436,24508436.15
4437,13738479.22
4438,2555399.64
4439,16907967.043333333
4440,6970264.6466666665
4441,52321115.86666667
4442,3133295.5966666667
4443,1389798.1
4444,5832602.666666667
4445,8111614.243333333
4446,17537355.536666665
4447,145815368.96333334
4448,54222704.95333333
4449,8472563.66
4450,170300337.19333333
4451,468096282.2033333
4452,46415200.08
4453,3253325.7933333335
4454,4586944.046666667
4455,10188125.246666666
4456,70826175.42333333
4457,3547540.066666667
4458,4914899.3133333335
4459,108435366.47333333
4460,45248953.95666666
4461,113552634.70333333
4462,82588715.17666666
4463,6610603.976666667
4464,76940275.11333333
4465,16523706.193333333
4466,3376983.3333333335
4467,39651983.82666667
4468,11494249.266666668
4469,29898319.906666666
4470,29995448.923333332
4471,2778950.04
4472,114829959.29
4473,36587119.17666667
4474,45202150.97
4475,5828433.37
4476,2608578.4633333334
4477,52330929.99
4478,5273724.773333333
4479,6977162.24
4480,162278476.69333333
4481,20435274.24
4482,28444977.036666665
4483,10037186.263333334
4484,8358488.253333333
4485,43428566.25333333
4486,21431939.053333335
4487,20784607.98666667
4488,80906925.96
4489,67926130.55666667
4490,14608144.156666666
4491,169140786.16
4492,16702160.22
4493,21049278.57
4494,59155647.03666667
4495,11581057.243333334
4496,46492142.34
4497,15551730.433333334
4498,97949224.90333334
4499,3536440.64
4500,72108611.94666667
4501,86109755.46
4502,10693677.963333333
4503,497291595.7733333
4504,12484562.346666666
4505,5633644.986666666
4506,102478175.31
4507,3950466.953333333
4508,3518999.1766666668
4509,9986421.863333333
4510,6354493.846666667
4511,188156077.27333334
4512,4558566.906666666
4513,66428487.21
4514,24577028.953333333
4515,315995093.05
4516,20193120.0
4517,7366374.803333334
4518,204759018.10333332
4519,104320671.78
4520,8618391.513333334
4521,42771489.64
4522,85647858.90333334
4523,83236488.32666667
4524,23651307.85333333
4525,47314918.32666667
4526,11808320.276666667
4527,66623794.46
4528,9002635.56
4529,2622868.1
4530,35099684.20333333
4531,12336386.963333333
4532,19344767.92
4533,35879802.166666664
4534,11013047.023333333
4535,98380790.12666667
4536,32963943.79
4537,33727209.946666665
4538,43571004.78
4539,4378339.8133333335
4540,19364622.206666667
4541,8521864.903333334
4542,129174354.62
4543,40394323.10666667
4544,23468056.843333334
4545,3687592.1
4546,2262306.78
4547,5703437.596666667
4548,27806480.07
4549,3094338.9433333334
4550,27932047.836666666
4551,746754400.57
4552,142295964.46333334
4553,29405814.74
4554,494708261.64666665
4555,8829509.726666667
4556,62127832.11
4557,46918936.22
4558,52280651.54333334
4559,162153859.28333333
4560,91435119.18333334
4561,46670288.87
4562,3515020.3066666666
4563,339793226.03
4564,2686692.09
4565,2902926.8966666665
4566,45622905.99333333
4567,104286518.93333334
4568,6464730.63
4569,16675130.756666666
4570,28415986.003333334
4571,3098598.506666667
4572,32978399.383333333
4573,52678790.04
4574,1667367.5733333332
4575,2384116.6166666667
4576,22275260.143333334
4577,26870724.53
4578,56498601.123333335
4579,10942929.043333333
4580,98396827.45
4581,6162361.63
4582,38285028.50333333
4583,232649366.9
4584,20089823.136666667
4585,174225332.81666666
4586,27896738.35333333
4587,7655899.44
4588,192764271.41333333
4589,10734502.856666667
4590,1181527085.1866667
4591,98665607.06333333
4592,3566629.453333333
4593,1198913.6633333333
4594,33359392.16
4595,480401122.4766667
4596,402291208.86
4597,43683025.446666665
4598,169828554.48666668
4599,18533445.04
4600,10756924.353333334
4601,68623438.15666667
4602,24556012.003333334
4603,37135343.61666667
4604,47247253.15
4605,195522984.48
4606,198138770.54
4607,44773450.623333335
4608,21018278.393333334
4609,35349232.43666667
4610,233377990.05
4611,93565863.73
4612,40193340.99333333
4613,44830668.336666666
4614,40878013.46333333
4615,10368453.54
4616,641074.0466666666
4617,51415582.07333333
4618,28187475.653333332
4619,22289937.94
4620,12805529.753333334
4621,283399748.6666667
4622,45622787.18666667
4623,26719937.126666665
4624,3445907.3433333333
4625,20663873.3
4626,21013368.926666666
4627,12537671.66
4628,48014752.03666667
4629,5720001.316666666
4630,24171656.983333334
4631,11518812.473333333
4632,11466898.47
4633,14679043.18
4634,3386939.05
4635,1716470.2833333334
4636,98043919.33
4637,4305998.53
4638,14844331.156666666
4639,1460697.6966666668
4640,65697009.99
4641,15326463.096666666
4642,27822262.576666668
4643,153085596.38
4644,6117021.916666667
4645,8584216.486666666
4646,843661432.9566667
4647,5911356.956666667
4648,15720581.36
4649,114521636.12333333
4650,103622488.50333333
4651,100220882.98333333
4652,467660010.4766667
4653,2750586.946666667
4654,57542387.586666666
4655,85332092.4
4656,13936391.82
4657,37479809.013333336
4658,143957684.23
4659,13822002.406666666
4660,79796888.85666667
4661,29419955.716666665
4662,14298971.496666666
4663,22879458.71
4664,8558503.846666666
4665,53906379.88666666
4666,84043665.98
4667,97639445.85666667
4668,5755031.866666666
4669,14645194.463333333
4670,55052405.39666667
4671,20022427.033333335
4672,1203974.5766666667
4673,15362246.886666667
4674,10672118.943333333
4675,15361339.336666666
4676,20036513.116666667
4677,955276.2533333333
4678,15795469.143333333
4679,1426616.4433333334
4680,7432992.043333333
4681,39165967.053333335
4682,22045361.16
4683,3699515.796666667
4684,2861896.4833333334
4685,69485107.24333334
4686,11097242.55
4687,17025784.416666668
4688,117301524.92333333
4689,14880868.573333334
4690,22128713.126666665
4691,36422075.14333333
4692,17520751.453333333
4693,71596419.99333334
4694,25491324.21
4695,63371069.42333333
4696,29120568.966666665
4697,90790866.92333333
4698,8662159.753333334
4699,3578321.06
4700,166859933.33333334
4701,307350820.22
4702,24640997.26
4703,83636256.00333333
4704,80421527.42666666
4705,137679793.54666665
4706,112169400.76333334
4707,3156072.4166666665
4708,44670623.67
4709,2146274.68
4710,352755032.09
4711,35447101.21666667
4712,4077921.7733333334
4713,197507541.36666667
4714,3561845.553333333
4715,2082025.18
4716,9308703.74
4717,31146034.16
4718,20724051.613333333
4719,115393786.61333333
4720,16878149.613333333
4721,6518067.21
4722,74053630.67666666
4723,14420748.953333333
4724,216579405.25666666
4725,17511904.756666668
4726,8547283.113333333
4727,15229153.976666667
4728,84055159.96
4729,126354896.19333333
4730,2702653.716666667
4731,42251862.193333335
4732,489557650.99
4733,16411947.75
4734,337245080.9
4735,59112318.07666667
4736,43398584.17666667
4737,84743149.29
4738,4506027.693333333
4739,60988469.92666667
4740,686629774.2133334
4741,3158369.526666667
4742,114952470.59666666
4743,2479880.1866666665
4744,1683093.3133333332
4745,428089029.77
4746,72061168.59666666
4747,25621613.883333333
4748,61695773.163333334
4749,9458539.306666667
4750,55184628.93333333
4751,122986174.6
4752,16275451.573333334
4753,21044798.63
4754,819756839.49
4755,50751668.986666664
4756,52063082.11666667
4757,296071503.86
4758,186364335.96666667
4759,389802395.37
4760,5066582.483333333
4761,42927161.05
4762,10683902.44
4763,1288121.21
4764,387976322.68666667
4765,22403721.063333333
4766,205164912.10666665
4767,48463318.35
4768,88884555.14333333
4769,69702275.07
4770,148176979.14666668
4771,248216440.11666667
4772,25027238.78
4773,22203173.873333335
4774,20952189.466666665
4775,3609595.8966666665
4776,7338344.216666667
4777,388664824.18
4778,111453122.66333333
4779,12920410.953333333
4780,248559352.02
4781,2249649.3533333335
4782,36460603.53333333
4783,18064671.93
4784,27078283.136666667
4785,22848714.743333332
4786,114480847.46
4787,111340489.41
4788,132653480.42
4789,7843882.316666666
4790,151035331.34
4791,76816370.97666667
4792,33247642.55666667
4793,30822805.21
4794,24694832.786666665
4795,30211642.086666666
4796,16058685.79
4797,848802436.4233333
4798,106179966.43
4799,147419380.88666666
4800,35605226.38666666
4801,4744480.733333333
4802,51468814.093333334
4803,19630231.51333333
4804,18145402.116666667
4805,1028524.38
4806,13268832.96
4807,2673075.553333333
4808,13917101.346666666
4809,93243563.96
4810,3356993.4633333334
4811,20576258.993333332
4812,80693329.93666667
4813,90140316.73666666
4814,3907578.5233333334
4815,55261881.196666665
4816,40497091.846666664
4817,17202814.5
4818,27537817.99
4819,13521738.72
4820,84023980.79333334
4821,5149338.02
4822,9522955.06
4823,26425446.19333333
4824,77238197.03
4825,122867110.50333333
4826,15171453.68
4827,70379197.51333334
4828,39105539.79666667
4829,41746050.2
4830,89466060.37333333
4831,26371495.59
4832,6265339.5633333335
4833,29790841.75
4834,49014854.27666666
4835,40418270.21666667
4836,43569981.45
4837,249840670.81333333
4838,66622864.376666665
4839,2486547.6866666665
4840,540225120.9366666
4841,1759668.3733333333
4842,101765244.87
4843,186420456.94
4844,3898664.3466666667
4845,45088305.626666665
4846,13225343.416666666
4847,374589108.60333335
4848,58788069.76
4849,231479576.63
4850,19973355.23
4851,1428853.0366666666
4852,14787951.046666667
4853,176622113.61
4854,35966427.06
4855,83029466.59
4856,13054709.14
4857,30097328.856666666
4858,20854441.093333334
4859,64572038.26
4860,625100435.2266667
4861,173825015.78666666
4862,188613262.81333333
4863,234815446.07333332
4864,87477488.78666666
4865,38399344.88333333
4866,21888307.51
4867,148991759.42666668
4868,9752393.416666666
4869,5659254.743333333
4870,12508691.29
4871,41842791.54
4872,6397300.3966666665
4873,18069226.56
4874,112820293.16666667
4875,31314947.73
4876,45922142.16
4877,46697729.406666666
4878,39498550.873333335
4879,46819013.02333333
4880,17358337.113333333
4881,7377697.43
4882,13054516.066666666
4883,81284233.03333333
4884,106537046.39
4885,34936654.03666667
4886,27908553.276666667
4887,8455606.11
4888,12504449.77
4889,8171686.5
4890,124796859.21666667
4891,2777191.933333333
4892,4442986.816666666
4893,126736730.98333333
4894,18523950.073333334
4895,11924995.576666666
4896,64190911.24
4897,3387588.5
4898,148155755.91
4899,105461219.65
4900,278212019.07666665
4901,84514770.91
4902,16365614.68
4903,12441079.093333334
4904,378786228.94666666
4905,45514692.76
4906,1585120.8033333332
4907,817161692.75
4908,56412447.11
4909,71452271.64666666
4910,81755534.05666667
4911,22300843.41
4912,83858239.14333333
4913,21263754.446666665
4914,38061985.2
4915,85201699.55666667
4916,37903771.81333333
4917,17209445.43
4918,202721490.19
4919,37020009.79666667
4920,54302845.336666666
4921,97286237.40333334
4922,24359359.02
4923,4580730.05
4924,81710008.11333333
4925,137714179.3
4926,630701.8266666667
4927,25436757.273333333
4928,23858566.893333334
4929,32167422.9
4930,27955452.333333332
4931,28263819.26333333
4932,6936205.99
4933,141924309.82333332
4934,5279681.93
4935,537932600.92
4936,16615233.256666666
4937,8100821.97
4938,25980045.826666668
4939,4716417.303333334
4940,9347386.683333334
4941,167510884.47666666
4942,14067556.83
4943,127799046.49666667
4944,108191929.91
4945,17213632.276666667
4946,9317297.406666666
4947,4379684.856666666
4948,13127379.133333333
4949,52730059.74
4950,87563448.40666667
4951,54250572.85666667
4952,25693218.623333335
4953,128688749.42666666
4954,56786586.31666667
4955,20296724.746666666
4956,10092819.893333333
4957,49341028.096666664
4958,17283966.22
4959,14307464.213333333
4960,9357536.943333333
4961,141983032.31333333
4962,19594155.01333333
4963,2894770.8
4964,14199891.563333333
4965,4491090.003333333
4966,2487578.45
4967,77053126.63
4968,20899185.6
4969,1086454.4
4970,4271919.96
4971,96752683.56666666
4972,18774496.333333332
4973,89525864.38666667
4974,126616681.93
4975,24242107.713333335
4976,7426362.523333333
4977,74254559.21333334
4978,7551093.25
4979,19337010.053333335
4980,69676696.55666667
4981,81858722.91
4982,173810879.20333335
4983,3686195.15
4984,86452642.42666666
4985,374737066.45
4986,5221745.346666667
4987,15281717.606666667
4988,4489820.173333333
4989,24030817.083333332
4990,2695715.4633333334
4991,35551469.71
4992,371545886.06333333
4993,45034714.21333333
4994,101144901.61666666
4995,3816102.1633333336
4996,33358808.4
4997,75194418.88333334
4998,21942396.843333334
4999,81329989.87333333
5000,158121443.26
5001,239907206.05333334
5002,250346189.79666665
5003,76795484.16666667
5004,47759139.74666667
5005,50635001.06333333
5006,485567797.2733333
5007,40582904.846666664
5008,364142321.5
5009,59020398.593333334
5010,6219030.1466666665
5011,16922080.126666665
5012,61466082.81666667
5013,20696954.626666665
5014,65897574.64
5015,112285772.70666666
5016,146436811.87333333
5017,37313027.39333333
5018,23188510.456666667
5019,83754439.68666667
5020,50277230.21666667
5021,14574280.666666666
5022,54738229.166666664
5023,11070060.923333334
5024,97832882.00666666
5025,5084060.87
5026,153836045.26666668
5027,39867710.14666667
5028,84581727.88333334
5029,96592645.62333333
5030,38943672.27666666
5031,5537525.683333334
5032,270176055.9433333
5033,2610197.91
5034,3817213.84
5035,4042239.953333333
5036,41704514.79
5037,58949530.82666667
5038,472151614.24
5039,4849305.77
5040,122032577.8
5041,31849411.283333335
5042,13945149.436666667
5043,68185152.01
5044,350153363.91333336
5045,17141902.546666667
5046,15347102.656666666
5047,15720623.626666667
5048,3718329.4966666666
5049,92504790.71666667
5050,3198231.053333333
5051,325022641.93333334
5052,183669131.53333333
5053,30547930.616666667
5054,25115903.33
5055,30257246.933333334
5056,10715876.256666666
5057,20700941.72
5058,7621265.116666666
5059,24011353.13
5060,105495644.42333333
5061,63920485.88
5062,4411389.8966666665
5063,536026.7466666667
5064,69757048.20333333
5065,23677492.136666667
5066,26689535.3
5067,55421119.67333333
5068,37994296.376666665
5069,116414280.93666667
5070,37189869.18666667
5071,196313241.26
5072,122983552.69666667
5073,66994248.52
5074,6490093.786666667
5075,13098191.356666667
5076,49257888.53
5077,129820422.95333333
5078,14861343.156666666
5079,9699623.15
5080,78464028.16333333
5081,85826754.47
5082,22955673.166666668
5083,2179394.3
5084,11613621.52
5085,2718169.0233333334
5086,13180540.793333333
5087,7311307.616666666
5088,10158378.806666667
5089,5686086.233333333
5090,10669969.43
5091,42679955.083333336
5092,46699540.053333335
5093,41462471.61
5094,147465115.45
5095,134052298.38
5096,47149766.67666667
5097,1197724.1533333333
5098,26129307.67
5099,9120291.26
5100,4683425.276666666
5101,1859038.8266666667
5102,29153768.276666667
5103,3226597.39
5104,39913041.39666667
5105,8638615.663333334
5106,11203641.383333333
5107,48018778.84
5108,23672327.093333334
5109,1509904.6366666667
5110,79463828.83333333
5111,141559750.98666668
5112,21474347.976666667
5113,3590663.4233333333
5114,18432550.076666668
5115,11442653.923333334
5116,8013721.343333334
5117,321977948.7
5118,73334423.19
5119,2315805.5766666667
5120,1361998.8033333332
5121,57137708.99666667
5122,52004555.92666667
5123,21474068.9
5124,10494056.193333333
5125,16933630.083333332
5126,21528100.923333332
5127,59514344.38333333
5128,2809443.9
5129,7161453.243333333
5130,48924936.916666664
5131,27145794.553333335
5132,58774199.60333333
5133,253692534.76666668
5134,133444743.16333333
5135,148323343.02666667
5136,11551001.493333334
5137,98112818.85333334
5138,18419366.38
5139,188735747.74333334
5140,181709621.89
5141,33637175.46666667
5142,117533842.46333334
5143,127064039.92
5144,84352025.08666667
5145,37774285.34
5146,10885027.83
5147,10523431.84
5148,18318370.52
5149,4347402.136666667
5150,374292256.32
5151,458114336.4633333
5152,102396686.56666666
5153,10025981.733333332
5154,45172620.166666664
5155,5333847.236666666
5156,603343573.41
5157,33699995.51
5158,2871556.75
5159,104705912.65666667
5160,58317688.086666666
5161,53005302.53333333
5162,100311828.01666667
5163,174933226.77
5164,5367417.28
5165,45325482.156666666
5166,139108390.01
5167,9023750.186666667
5168,29910276.616666667
5169,19561006.606666666
5170,78718915.67
5171,163148197.04
5172,20851665.393333334
5173,97211356.01666667
5174,97510982.36333333
5175,5022510.886666667
5176,8960831.466666667
5177,160970046.47333333
5178,727900128.1733333
5179,15360050.156666666
5180,24885585.116666667
5181,2470737.89
5182,41604072.06666667
5183,4787441.833333333
5184,22928842.796666667
5185,9094379.476666667
5186,38143952.26
5187,5267487.77
5188,21598347.926666666
5189,84617721.64
5190,302284940.95666665
5191,37837212.89333333
5192,138212153.85666665
5193,121005271.38333334
5194,40886001.49666667
5195,218949268.66
5196,69265587.40666667
5197,77084062.84333333
5198,53849972.53
5199,30134425.42
5200,16192652.43
5201,33265986.183333334
5202,9097979.463333333
5203,4488094.57
5204,1975765.0866666667
5205,4496280.273333333
5206,32597221.863333333
5207,19916993.23
5208,89777690.91333333
5209,94275713.32
5210,42239676.74
5211,20690422.496666666
5212,39691225.69
5213,84473604.08
5214,227205.86333333334
5215,15493461.74
5216,157267783.93333334
5217,18419048.403333332
5218,24093607.526666667
5219,19971517.166666668
5220,83009793.14666666
5221,4530549.506666667
5222,14382761.253333334
5223,154140090.78
5224,2053638.5633333332
5225,1410838.6166666667
5226,74914280.09666666
5227,8454108.83
5228,40647293.09
5229,164261499.62333333
5230,15624990.193333333
5231,38146501.61
5232,2265209.0733333332
5233,23013565.386666667
5234,87945705.05666667
5235,43432926.81
5236,235172316.48333332
5237,132019668.47
5238,23062699.606666666
5239,34659882.736666664
5240,86319454.08
5241,73595077.74666667
5242,72015437.93
5243,4013824.6333333333
5244,101933874.07
5245,11967671.153333334
5246,39891371.61666667
5247,61559060.49
5248,1722579.8466666667
5249,53171858.306666665
5250,180368257.10666665
5251,26267527.58
5252,278948.73333333334
5253,7427095.776666666
5254,2428394.2466666666
5255,65102402.42666667
5256,75449004.02666667
5257,3618861.0366666666
5258,7189695.16
5259,138273412.78666666
5260,19871917.80666667
5261,59125664.916666664
5262,7278962.276666666
5263,77619869.38333334
5264,14606664.783333333
5265,40947616.696666665
5266,36177208.71333333
5267,3792745.56
5268,12673044.386666667
5269,148883851.02333334
5270,91851202.84666666
5271,25731039.686666667
5272,105989523.34666666
5273,2183990.1433333335
5274,74821687.11
5275,36321189.38666666
5276,24893312.713333335
5277,4015576.8266666667
5278,18435614.14666667
5279,10608389.996666666
5280,29053669.706666667
5281,7834941.196666666
5282,38978809.27666666
5283,6342178.413333333
5284,12040228.436666667
5285,61045677.85666667
5286,17136408.796666667
5287,25551614.606666666
5288,10757703.08
5289,191078230.21
5290,160895466.08666667
5291,522584563.6433333
5292,195351388.89666668
5293,246195677.39333335
5294,9458617.486666666
5295,499392163.50666666
5296,7198187.073333333
5297,85248835.35
5298,184065913.91
5299,9623397.07
5300,8396453.016666668
5301,9171554.79
5302,67708858.32666667
5303,18997497.936666667
5304,22463203.203333333
5305,5007859.25
5306,62629135.873333335
5307,209546607.87333333
5308,1828066.9266666668
5309,1896063.3766666667
5310,91627664.98666666
5311,12352876.363333333
5312,196028629.32333332
5313,558923578.1666666
5314,63254135.156666666
5315,5588752.003333333
5316,43507105.35666667
5317,27640000.17
5318,22405278.52
5319,83341676.90666667
5320,28114620.5
5321,50852497.89666667
5322,1854821.79
5323,176231191.31333333
5324,38484465.803333335
5325,20141318.903333332
5326,26176562.506666668
5327,132761092.41
5328,40310998.20666666
5329,11037495.13
5330,151440243.51333332
5331,9429215.096666666
5332,3078678.19
5333,35436035.47666667
5334,41420187.81
5335,4767811.706666667
5336,34020413.3
5337,10945479.28
5338,51527047.85
5339,40590488.663333334
5340,27274052.07
5341,156916887.84333333
5342,130951078.96333334
5343,83609558.66
5344,199035812.57
5345,2834802.74
5346,143784352.51
5347,3167446.1266666665
5348,18818919.54
5349,3178435.716666667
5350,2547636.7866666666
5351,82262354.34
5352,6832087.083333333
5353,26943432.916666668
5354,134825965.37
5355,68601741.34
5356,21605117.833333332
5357,10423971.486666666
5358,99507334.34333333
5359,98510291.22333333
5360,142639877.18333334
5361,30255301.523333333
5362,25661986.673333332
5363,35802391.43666667
5364,5082950.93
5365,58446864.596666664
5366,68551458.12333333
5367,94022538.17666666
5368,42842184.97333334
5369,554240181.16
5370,62067429.52
5371,95478975.21666667
5372,533034753.1433333
5373,40907016.42333333
5374,148872086.98333332
5375,85100115.6
5376,198324876.23333332
5377,28371791.496666666
5378,6730291.366666666
5379,8778505.94
5380,89016475.38666667
5381,89660983.33333333
5382,60180982.156666666
5383,7136056.61
5384,336853660.91
5385,145168857.6
5386,31851621.033333335
5387,8018193.73
5388,287681507.27666664
5389,62178992.82333333
5390,35130903.54666667
5391,36428999.653333336
5392,2273324.1066666665
5393,9444940.613333333
5394,75680426.47333333
5395,78107373.69
5396,207256161.11
5397,5868598.91
5398,7125247.933333334
5399,18099298.93
5400,18076223.19
5401,154942084.68666667
5402,83548433.42333333
5403,85424564.33666667
5404,3352999.0033333334
5405,107626516.67666666
5406,11677890.8
5407,323862291.42333335
5408,496434953.12666667
5409,158062133.1
5410,4030579.7666666666
5411,33581946.77666666
5412,3683111.3333333335
5413,2511747.8
5414,103885390.10666667
5415,101822509.53666666
5416,52795620.93333333
5417,96744117.8
5418,1072409.0466666666
5419,4680897.07
5420,78492287.24666667
5421,38428397.61
5422,104902213.58666667
5423,192964116.42333335
5424,222351647.07666665
5425,42697219.43666667
5426,16817915.913333334
5427,9355819.616666667
5428,10377635.183333334
5429,119798928.20666666
5430,224812056.74
5431,77724958.25
5432,78779498.32
5433,56292309.806666665
5434,51086489.67
5435,49693680.873333335
5436,35455415.21333333
5437,73039203.64333333
5438,15289297.026666667
5439,2609030.716666667
5440,72909430.48333333
5441,46041936.72333334
5442,134572579.28
5443,110099059.11333333
5444,59303036.8
5445,56554181.86666667
5446,103876274.44666667
5447,21787378.23
5448,6315115.8
5449,88821122.09
5450,10104350.503333334
5451,26236825.39
5452,5461598.316666666
5453,272804128.12333333
5454,134745320.37
5455,14397450.146666666
5456,8975291.91
5457,47127687.52333333
5458,19566570.75
5459,22990704.54
5460,2014740.1533333333
5461,967272.09
5462,5794295.1
5463,790196209.59
5464,14147916.423333334
5465,22468457.196666665
5466,135337050.98
5467,66499208.236666664
5468,121612450.42333333
5469,7144853.866666666
5470,268079202.15333334
5471,164155821.10666665
5472,79141583.31666666
5473,34991894.32
5474,42618270.74
5475,64719375.656666666
5476,13394648.066666666
5477,11096059.486666666
5478,87807672.03666666
5479,124387183.86666666
5480,21526874.316666666
5481,15319789.596666666
5482,45085013.78666667
5483,34886172.74
5484,86049473.34
5485,24763951.23
5486,40216682.71
5487,447745359.24666667
5488,88529560.46666667
5489,42561261.49333333
5490,15003084.94
5491,185643689.51
5492,100794752.39
5493,26225667.886666667
5494,2314774.4166666665
5495,27102559.333333332
5496,61730443.236666664
5497,35918091.99666667
5498,11108001.446666667
5499,67296207.18333334
5500,34810139.63333333
5501,6570743.136666667
5502,30340068.813333333
5503,8247088.94
5504,93881238.10666667
5505,3373869.8266666667
5506,439749558.2633333
5507,61161254.49
5508,136179472.77333334
5509,161731319.19666666
5510,38067394.156666666
5511,12561402.87
5512,141380952.55333334
5513,5905233.49
5514,33070919.76
5515,3260084.8266666667
5516,2970915.5033333334
5517,327149672.43666667
5518,26612524.366666667
5519,167694748.92666668
5520,2943165.2866666666
5521,40412683.72333334
5522,1402046.8966666667
5523,446639313.3566667
5524,385263982.91
5525,69367584.18666667
5526,16256984.35
5527,1742184.8966666667
5528,87371049.22
5529,1565298.95
5530,358094327.13666666
5531,5086675.983333333
5532,28673136.976666667
5533,118887676.70333333
5534,445107942.56
5535,3396421.803333333
5536,3636019.8
5537,30086762.433333334
5538,22788541.583333332
5539,193013163.85333332
5540,62387950.943333335
5541,201836957.21
5542,4085883.9566666665
5543,19073313.56
5544,64259877.98
5545,2285219.97
5546,25595796.22
5547,35679203.94
5548,21709597.096666668
5549,49774977.59
5550,40609746.943333335
5551,21966469.733333334
5552,62887141.95333333
5553,61414657.8
5554,10876947.55
5555,35808902.14666667
5556,31060982.42
5557,19868158.89
5558,510950489.7266667
5559,24188400.703333333
5560,6972070.43
5561,39812290.93
5562,68360357.71666667
5563,1678792.9433333334
5564,5550796.633333334
5565,18537147.58
5566,10987183.703333333
5567,10068134.236666666
5568,73134679.35666667
5569,113338726.36
5570,49376029.736666664
5571,145712406.55333334
5572,3739594.2266666666
5573,219949343.88333333
5574,77880935.66333333
5575,126676749.04
5576,70579959.72666667
5577,36719311.65
5578,19457584.586666666
5579,13474904.613333333
5580,4165531.67
5581,31849207.936666667
5582,45197331.83
5583,78822473.14333333
5584,49234859.25
5585,13723327.05
5586,3126773.696666667
5587,36411866.20333333
5588,121973209.58666667
5589,91097198.45333333
5590,10893284.443333333
5591,50342365.42666667
5592,5971771.81
5593,36947306.24
5594,11283588.846666666
5595,51633948.64333333
5596,184637882.87333333
5597,22294957.98666667
5598,8753251.266666668
5599,19142913.02
5600,20531683.456666667
5601,47454057.67333333
5602,92446060.91
5603,15765183.706666667
5604,13272293.013333334
5605,143097651.45
5606,118770364.42
5607,47626561.403333336
5608,86351095.64333333
5609,41253723.53333333
5610,35297897.71666667
5611,65705459.44
5612,674607926.06
5613,21147795.38
5614,30828701.623333335
5615,76403415.48666666
5616,22580621.313333333
5617,375457107.1533333
5618,36075031.43
5619,90267784.74
5620,57633350.346666664
5621,77591896.95333333
5622,127690838.64666666
5623,34631886.82
5624,591182246.1633333
5625,3956442.5966666667
5626,8354087.716666667
5627,139893950.06666666
5628,50964264.25666667
5629,244248182.33333334
5630,35415296.59
5631,78813253.29
5632,137299821.46
5633,24601712.523333333
5634,19589539.223333333
5635,85057930.17
5636,3706354.77
5637,15320274.933333334
5638,172106771.01333332
5639,16089550.326666666
5640,7036589.9366666665
5641,69088027.32
5642,30988872.26333333
5643,8396154.32
5644,520019970.47333336
5645,167656234.99333334
5646,24548923.53
5647,11291145.966666667
5648,93350263.02333333
5649,14907979.476666667
5650,152278443.78666666
5651,44000993.806666665
5652,3415178.933333333
5653,206685254.06666666
5654,104855132.01
5655,126802855.35333334
5656,635288242.3866667
5657,6613819.1033333335
5658,15120272.15
5659,25010722.523333333
5660,162502195.21333334
5661,25096799.47
5662,274592899.50666666
5663,10076725.106666667
5664,11644480.903333334
5665,105495410.08666667
5666,12732410.776666667
5667,78949654.31333333
5668,9880974.0
5669,10809893.733333332
5670,648996486.4466667
5671,30886463.56
5672,76215489.94333333
5673,112898263.83
5674,18938865.643333334
5675,7288884.316666666
5676,1847803.96
5677,161982163.98
5678,118211506.42666666
5679,6825836.89
5680,24067507.73
5681,849610711.4733334
5682,5265967.28
5683,410682962.54333335
5684,98239694.62
5685,27867671.95
5686,4019300.296666667
5687,85613879.11
5688,16207656.08
5689,33088416.096666668
5690,13157683.906666666
5691,132548138.93333334
5692,581350981.23
5693,31904490.873333335
5694,71794926.76333334
5695,11165453.24
5696,63633206.42
5697,1261102.02
5698,8888184.96
5699,7917292.163333333
5700,71679688.70666666
5701,53701377.093333334
5702,52067765.42
5703,64053665.12
5704,161436464.34666666
5705,13078850.65
5706,3461230.9033333333
5707,32210071.33
5708,38834241.72666667
5709,12574864.05
5710,35275939.67333333
5711,62373726.403333336
5712,181661460.52333334
5713,27042359.89666667
5714,24683236.143333334
5715,3115487.953333333
5716,4772757.9366666665
5717,26013671.49
5718,6649280.843333334
5719,77594156.66333333
5720,18188780.06
5721,120048443.03
5722,17135299.583333332
5723,30083842.596666668
5724,13076040.026666667
5725,2472316.223333333
5726,76213778.67666666
5727,172633859.31
5728,45557944.57333333
5729,271896038.51
5730,11466042.103333334
5731,1487491.5566666666
5732,13639762.44
5733,6646204.23
5734,30543179.336666666
5735,8335224.46
5736,104697291.47666667
5737,64201545.193333335
5738,83609910.30333333
5739,39776604.88333333
5740,77540024.46666667
5741,147141080.94
5742,54772173.64333333
5743,45239358.336666666
5744,1912418.4566666668
5745,10555713.713333333
5746,85191109.41666667
5747,5290502.02
5748,86627945.93
5749,56441090.86
5750,58090075.71
5751,72319346.7
5752,4955129.773333333
5753,289801388.27
5754,35326892.61
5755,82981726.97333333
5756,22325668.373333335
5757,15624283.89
5758,1637655.4266666668
5759,25768562.356666666
5760,7750518.703333333
5761,800329.7233333334
5762,121559479.28
5763,129986981.36666666
5764,7280803.8533333335
5765,33218207.173333332
5766,64993321.39666667
5767,55389517.96
5768,34653205.72
5769,529123511.33
5770,8515986.583333334
5771,32700616.38
5772,67227730.52666667
5773,325682986.86
5774,92844668.31
5775,55112352.78666667
5776,39473859.93
5777,177091790.56
5778,169572635.51666668
5779,363045498.45
5780,5692828.333333333
5781,96855809.25
5782,67986189.56
5783,99865382.27666667
5784,70780661.83666667
5785,103870058.16666667
5786,10969494.63
5787,195253793.35
5788,5569199.576666667
5789,44875378.53
5790,114777596.49666667
5791,13392819.876666667
5792,13728205.69
5793,18924104.446666665
5794,67688546.77333333
5795,80612898.76666667
5796,50013706.39333333
5797,82572609.55333333
5798,913032.0633333334
5799,230066996.68
5800,1799299.2666666666
5801,20191534.19
5802,5824463.433333334
5803,7430849.8533333335
5804,392876023.5833333
5805,54710355.266666666
5806,45918691.97333334
5807,78965111.5
5808,122538565.23333333
5809,16121501.123333333
5810,10668908.573333334
5811,17923498.373333335
5812,89660332.42666666
5813,127270908.40333334
5814,11300872.883333333
5815,8933656.65
5816,19323720.42
5817,4113245.506666667
5818,6024407.69
5819,65744233.096666664
5820,33035561.643333334
5821,2475475.3766666665
5822,1163463.4933333334
5823,76009421.91333333
5824,53448147.74333333
5825,50389126.656666666
5826,15463601.6
5827,14837919.706666667
5828,464148556.2733333
5829,100893714.1
5830,41236510.24666667
5831,89475857.23666666
5832,51544235.31333333
5833,18199736.596666668
5834,64924933.79333334
5835,605742.3566666667
5836,119569829.55666667
5837,77902465.15
5838,3380489.13
5839,138909584.08333334
5840,4154765.3633333333
5841,99263382.40333334
5842,89892420.51666667
5843,17714182.303333335
5844,10540650.406666666
5845,16467029.413333334
5846,9261783.29
5847,88981016.64
5848,82673506.58666667
5849,36476497.42333333
5850,37480587.156666666
5851,16200702.26
5852,18134915.08
5853,43590284.32333333
5854,21504711.286666665
5855,160586102.87666667
5856,37236888.693333335
5857,872457387.1133333
5858,1960429.05
5859,50324926.03
5860,114515456.83666667
5861,10635986.73
5862,82025918.07333334
5863,99039583.62
5864,491055284.14
5865,30700424.69
5866,19670654.116666667
5867,16517083.44
5868,43487264.3
5869,19063930.716666665
5870,1896179.2833333334
5871,98700898.3
5872,303925733.19666666
5873,42208602.18666667
5874,10622521.18
5875,68024878.60666667
5876,72425048.45666666
5877,12827012.493333334
5878,110958680.25
5879,17489971.476666667
5880,76168610.74
5881,95905650.39333333
5882,327985993.52666664
5883,17349585.12
5884,85164654.02666667
5885,14548378.493333334
5886,25689999.96
5887,16426920.266666668
5888,12894242.333333334
5889,4999613.253333333
5890,60382927.78666667
5891,36904133.593333334
5892,16265343.32
5893,10353211.446666667
5894,116633710.16666667
5895,73279000.56
5896,117176878.47333333
5897,1358534.7866666666
5898,83691492.98666666
5899,10985383.253333334
5900,19841522.85333333
5901,1411173.2133333334
5902,21773379.29
5903,118177070.83
5904,71223601.27666667
5905,61754219.836666666
5906,75683670.83666667
5907,27787216.25
5908,58682740.00666667
5909,30574228.476666667
5910,122821917.28
5911,14342593.946666667
5912,284111278.24666667
5913,55724922.49333333
5914,23443532.183333334
5915,12618176.906666666
5916,68560052.09333333
5917,261777220.30333334
5918,132358925.64
5919,48363496.406666666
5920,5378341.536666667
5921,39139204.46666667
5922,11202404.43
5923,9533739.15
5924,9572063.343333334
5925,483031939.96
5926,4658217.576666667
5927,3117975.256666667
5928,87109674.87333333
5929,2772133.14
5930,92831261.69666667
5931,46178488.99666667
5932,3388688.84
5933,16266664.226666667
5934,131002936.79666667
5935,231666296.63333333
5936,165600798.19333333
5937,2976625.6866666665
5938,17006713.426666666
5939,36716602.74333333
5940,95836458.96333334
5941,4629271.88
5942,118806500.63
5943,11743798.93
5944,45130787.48
5945,26235082.06
5946,6114000.81
5947,1062661.0966666667
5948,234500757.83333334
5949,3435160.36
5950,184300921.40333334
5951,50931490.20333333
5952,20423752.54
5953,119210668.21
5954,20178095.706666667
5955,69164543.38666667
5956,97804733.37666667
5957,80154990.27
5958,126511310.32333334
5959,6042878.116666666
5960,23330080.323333334
5961,7452982.326666667
5962,8740401.99
5963,67833042.20666666
5964,108026962.96333334
5965,45762735.92
5966,71504743.83666667
5967,448646701.3833333
5968,91339513.79333334
5969,49107653.29666667
5970,25944632.3
5971,16226255.1
5972,17009455.81
5973,122302221.69666667
5974,5020427.226666667
5975,29901267.44333333
5976,10676908.94
5977,2934205.3066666666
5978,722012543.93
5979,17301994.076666668
5980,213328727.28333333
5981,8912574.586666666
5982,127079752.49666667
5983,4235767.16
5984,35156953.78
5985,120278086.09333333
5986,2442088.1766666668
5987,5739340.456666667
5988,58362346.78666667
5989,3834432.3833333333
5990,149544483.95
5991,9605488.446666667
5992,48362725.92666667
5993,59480572.43333333
5994,8647952.886666667
5995,27402757.74
5996,39940172.89333333
5997,25757199.54
5998,344731462.76666665
5999,6441147.573333333
6000,8546355.366666667
6001,22511782.036666665
6002,8358119.15
6003,454160406.56666666
6004,66363724.37
6005,6202471.783333333
6006,16581324.726666667
6007,26764187.243333332
6008,10435078.116666667
6009,87768893.00333333
6010,70703746.12
6011,45092492.0
6012,32016008.76
6013,277345675.38666666
6014,11700205.023333333
6015,60167992.126666665
6016,15575030.58
6017,4050857.8266666667
6018,86468605.44666667
6019,8109852.266666667
6020,8247764.656666666
6021,7945473.3
6022,7953910.726666667
6023,85862097.54666667
6024,1456648.4733333334
6025,73989207.50666666
6026,179900178.69333333
6027,20770049.093333334
6028,147066694.02
6029,14079393.53
6030,300496883.6333333
6031,48175200.46333333
6032,952614.4966666667
6033,56444133.03666667
6034,7394244.806666667
6035,642460684.55
6036,3036734.71
6037,5232494.76
6038,785627.4066666666
6039,16162873.35
6040,61719096.763333336
6041,297801805.84
6042,1933103.1066666667
6043,205718251.27
6044,5004927.5
6045,70440559.33
6046,3110614.7533333334
6047,66684853.91
6048,9755737.403333334
6049,5047020.663333333
6050,11685531.943333333
6051,3346118.953333333
6052,86413734.73666666
6053,1388600.9666666666
6054,14524873.036666667
6055,33986017.50666667
6056,30354690.56
6057,4820941.286666667
6058,41736324.096666664
6059,149038109.18
6060,48708951.916666664
6061,124299431.62666667
6062,9383871.45
6063,117169679.73666666
6064,7821943.373333333
6065,186262566.15
6066,45515850.89666667
6067,48756364.843333334
6068,1361296.9466666668
6069,128325439.83
6070,213342277.39666668
6071,26576292.126666665
6072,32008455.546666667
6073,55877176.60333333
6074,2203695.5733333332
6075,12624133.27
6076,143451209.64333335
6077,57410052.38666666
6078,66455306.64
6079,501481974.9766667
6080,7618295.44
6081,4990469.723333334
6082,9225271.403333334
6083,162157218.01333332
6084,30387151.98666667
6085,38027979.8
6086,6616418.246666667
6087,82561931.50333333
6088,12969759.726666667
6089,15598365.66
6090,375345678.8333333
6091,10809551.36
6092,7845858.01
6093,14365447.906666666
6094,142250837.57
6095,141243187.27
6096,14946762.843333334
6097,47787567.68666667
6098,28989502.343333334
6099,43235860.20666666
6100,91140972.83666667
6101,222530390.71
6102,65260467.43333333
6103,145674347.28333333
6104,1715295.5233333334
6105,16631298.61
6106,2623964.2933333335
6107,826819.7766666666
6108,57262013.84
6109,43141993.02333333
6110,94749812.41666667
6111,2330434.66
6112,728558.35
6113,16197751.24
6114,94059655.32333334
6115,144459802.32666665
6116,889476.3733333333
6117,80563844.13333334
6118,65460996.99333333
6119,93313290.05
6120,54341865.93333333
6121,2331531.8233333332
6122,103390977.67333333
6123,3891626.933333333
6124,5660431.913333333
6125,13467538.083333334
6126,15573198.126666667
6127,22401599.423333332
6128,303732316.8933333
6129,12107324.063333333
6130,1202500.0066666666
6131,13760605.906666666
6132,938059.62
6133,29755417.97
6134,82692510.83666667
6135,67713649.45333333
6136,453531860.02
6137,125352289.58
6138,8664984.403333334
6139,1082348016.3
6140,20323299.903333332
6141,30006712.92
6142,1235481.9433333334
6143,16640789.32
6144,64969113.67
6145,44063860.04
6146,38792678.593333334
6147,64036380.09
6148,8007931.653333333
6149,91526461.68333334
6150,564402280.2166667
6151,32100701.936666667
6152,956272977.1833333
6153,7080414.176666667
6154,71162865.70333333
6155,139316387.66
6156,7710453.363333333
6157,30417612.743333332
6158,81981743.43
6159,23694429.196666665
6160,91534725.65
6161,22110300.506666668
6162,46621378.27
6163,11280061.78
6164,23231848.88
6165,115128576.99333334
6166,38504457.7
6167,26932945.34
6168,31495726.696666665
6169,59789417.39666667
6170,11068001.946666667
6171,36958852.416666664
6172,3572856.02
6173,64085830.89666667
6174,60682722.19
6175,28409285.52
6176,83184039.48666666
6177,104719919.15666667
6178,6234945.02
6179,282289594.70666665
6180,59565855.79
6181,46758692.37
6182,391368538.34
6183,27540876.86
6184,797488316.8733333
6185,9418061.126666667
6186,65928283.04
6187,9061342.933333334
6188,28419146.976666667
6189,28351417.266666666
6190,134646451.04333332
6191,8856809.046666667
6192,140321016.04333332
6193,20367744.69333333
6194,2905935.0933333333
6195,5290578.163333333
6196,138965165.21
6197,3617002.1133333333
6198,103805519.24666667
6199,659025699.5333333
6200,1056049.9266666668
6201,14481589.593333334
6202,159123984.46666667
6203,564276942.4
6204,10160758.153333334
6205,13422511.9
6206,65911034.99
6207,51418742.35333333
6208,98730259.26
6209,832339.6766666666
6210,5081050.1
6211,124932086.48666666
6212,23020640.67
6213,76318280.93666667
6214,64437809.91
6215,24086424.983333334
6216,35962630.04
6217,2643635.9633333334
6218,13382800.916666666
6219,30019954.123333335
6220,1702499.1633333333
6221,22484834.43
6222,4822737.46
6223,71034946.27
6224,76314049.20666666
6225,119719191.09666666
6226,33011988.333333332
6227,20513059.26
6228,1744904.5733333332
6229,2582105.006666667
6230,2170945.51
6231,92817774.45333333
6232,3399720.9433333334
6233,215667549.16
6234,68409209.69333333
6235,43567252.17666667
6236,47077283.04666667
6237,10083317.703333333
6238,8674552.33
6239,139961510.01
6240,298170198.4433333
6241,3180870.316666667
6242,15620132.346666666
6243,18890357.136666667
6244,75826654.30666667
6245,3806514.89
6246,9863303.87
6247,788427889.87
6248,5679429.273333333
6249,12339410.616666667
6250,44617581.166666664
6251,136381646.62
6252,8641860.036666667
6253,11391961.573333334
6254,190699641.32333332
6255,4885938.15
6256,13265574.166666666
6257,103381814.14666666
6258,1523406.78
6259,4926374.893333334
6260,9853939.396666666
6261,162846980.19666666
6262,21920628.053333335
6263,82011187.18666667
6264,11871334.72
6265,14661337.686666667
6266,12331641.293333333
6267,128159610.99666667
6268,1104052.1133333333
6269,144339492.65666667
6270,127970833.02333333
6271,226338540.39666668
6272,4581315.466666667
6273,44444406.03333333
6274,313970882.01
6275,46556135.10666667
6276,24096377.183333334
6277,19384300.453333333
6278,3940701.42
6279,39485819.44
6280,52475814.36
6281,9092727.273333333
6282,394603537.71666664
6283,44055549.60333333
6284,128333339.82
6285,68949809.12
6286,8277359.376666667
6287,18576941.753333334
6288,222688511.14666668
6289,230733655.76333332
6290,1124367.6766666668
6291,82068181.22333333
6292,132094890.27
6293,304955444.9033333
6294,8104896.636666667
6295,329181044.4
6296,8171238.06
6297,30043382.336666666
6298,5594222.933333334
6299,3846117.46
6300,71030197.69333333
6301,52471189.47
6302,7777708.636666667
6303,10057749.586666666
6304,31480532.2
6305,190535448.73333332
6306,76645945.86333333
6307,3873380.7866666666
6308,9182951.896666666
6309,3499004.0766666667
6310,80676252.17333333
6311,16974041.216666665
6312,15203918.636666667
6313,37262117.92333333
6314,43284271.846666664
6315,13425017.82
6316,46915939.63666666
6317,178748171.54333332
6318,85271239.96
6319,72967935.20333333
6320,3046565.1
6321,320385105.5133333
6322,55175864.74666667
6323,66131482.75666667
6324,10535264.31
6325,46108875.88333333
6326,12820947.166666666
6327,26793055.45
6328,44740321.4
6329,8178461.286666667
6330,17950069.033333335
6331,95748005.78333333
6332,7531118.3133333335
6333,33538480.496666666
6334,4713363.12
6335,102846064.9
6336,108375717.2
6337,62324868.52666666
6338,4565464.08
6339,80303550.14666666
6340,5036278.426666667
6341,8143413.533333333
6342,18917714.77
6343,66360663.093333334
6344,52481336.13666666
6345,5184569.43
6346,176193213.59333333
6347,77654542.10666667
6348,50604635.53
6349,57143782.32666667
6350,3929870.046666667
6351,170670500.4
6352,126251752.67333333
6353,6899712.78
6354,5193653.64
6355,1759254.7733333334
6356,38542009.52666666
6357,11257589.033333333
6358,16444834.633333333
6359,19611996.94
6360,11392871.67
6361,177428163.2
6362,13554025.936666667
6363,19569378.39666667
6364,9981731.286666667
6365,238375297.03666666
6366,39273807.52666666
6367,20740225.94
6368,35245470.33
6369,28234415.69333333
6370,228524322.21666667
6371,5857265.766666667
6372,49962311.81333333
6373,4996542.85
6374,19787190.906666666
6375,193119079.74333334
6376,25215941.696666665
6377,8042040.566666666
6378,5429184.643333334
6379,256745846.61333334
6380,27800126.82
6381,475679697.01
6382,50263142.626666665
6383,36086708.31333333
6384,81746074.05333333
6385,13944925.946666667
6386,324633913.49666667
6387,17490512.85333333
6388,9481017.576666666
6389,2510449.37
6390,149898382.04333332
6391,10115631.12
6392,11341783.833333334
6393,189648885.33666667
6394,351359626.6166667
6395,2293565.1433333335
6396,10390569.716666667
6397,11799060.003333334
6398,18521134.656666666
6399,6225632.94
6400,45573714.96666667
6401,5960769.446666666
6402,30448867.54
6403,2731977.216666667
6404,45796209.596666664
6405,8529989.1
6406,9233380.783333333
6407,20821734.926666666
6408,38059593.17333333
6409,83705718.74666667
6410,24646897.273333333
6411,8900816.893333333
6412,20424850.933333334
6413,17558424.506666668
6414,544135685.0066667
6415,7295667.183333334
6416,4532876.71
6417,109326066.62
6418,50217811.45
6419,38372321.33
6420,36964192.42
6421,146369235.83666667
6422,842125.7866666666
6423,41324260.156666666
6424,64126058.166666664
6425,39367952.14
6426,17147140.14
6427,10651290.593333334
6428,2387525.716666667
6429,34310291.166666664
6430,101313026.14666666
6431,161931753.85333332
6432,149568862.40666667
6433,60315634.483333334
6434,19862845.463333335
6435,106173575.36
6436,48652191.806666665
6437,12603701.123333333
6438,56086375.22666667
6439,16014236.453333333
6440,87430848.92666666
6441,14246743.133333333
6442,10439418.363333333
6443,73818649.21
6444,2945169.0
6445,421132292.20666665
6446,223079457.27
6447,44389050.21666667
6448,2327674.0866666664
6449,57329695.44
6450,39303824.78666667
6451,9470741.26
6452,52262224.6
6453,88886755.96333334
6454,46548931.22666667
6455,13287016.59
6456,25011800.756666668
6457,178264139.16333333
6458,10869377.186666667
6459,35527529.35
6460,115131369.57
6461,89318843.41666667
6462,150872515.44333333
6463,1116429.4766666666
6464,21990785.85333333
6465,32067273.083333332
6466,21961418.403333332
6467,22191373.723333333
6468,3577929.5966666667
6469,11100107.313333333
6470,11871037.866666667
6471,3989452.546666667
6472,8140637.41
6473,33828835.02
6474,16288547.16
6475,12172016.9
6476,404316923.94666666
6477,51886314.61666667
6478,22001454.316666666
6479,349878256.19
6480,65302207.163333334
6481,80138557.02333333
6482,4389924.746666667
6483,17076172.673333332
6484,168749083.74333334
6485,88536430.39
6486,1244701.21
6487,113711709.21
6488,65846782.72666667
6489,11030072.75
6490,3791797.5833333335
6491,31039269.95
6492,15478354.136666667
6493,32826708.65
6494,176424940.32666665
6495,17084801.936666667
6496,281735209.6566667
6497,257711298.38
6498,34298000.81
6499,22516326.46
6500,10540030.413333334
6501,10368409.236666666
6502,81885230.32333334
6503,34923916.943333335
6504,23880611.873333335
6505,16262449.253333334
6506,36080227.336666666
6507,19193569.26333333
6508,95991396.04
6509,6131921.92
6510,6562647.473333334
6511,21038970.286666665
6512,15597920.103333334
6513,15719541.97
6514,11473964.91
6515,367469043.43
6516,36651406.29333334
6517,8114477.613333333
6518,19570723.846666668
6519,70806767.36666666
6520,8152730.636666667
6521,377752746.9066667
6522,112901361.51
6523,33090307.13
6524,40150301.49
6525,215194783.90666667
6526,252846299.88
6527,1304159.1833333333
6528,6097428.49
6529,21742841.343333334
6530,78744183.45
6531,10631807.783333333
6532,23429480.826666668
6533,6248966.8533333335
6534,625794329.93
6535,13343386.386666667
6536,72391645.52666667
6537,68799325.83666667
6538,52401619.36333334
6539,139294933.43666667
6540,217294920.43666667
6541,114455204.64333333
6542,62896026.88
6543,4241956.653333333
6544,52748533.836666666
6545,13853387.253333334
6546,272792180.67333335
6547,3921924.296666667
6548,53619975.39666667
6549,80554918.23333333
6550,27084264.95
6551,76119307.60333334
6552,3844405.2933333335
6553,5319630.88
6554,30368828.466666665
6555,77392764.40333334
6556,66723515.336666666
6557,23542608.33
6558,130792075.84333333
6559,103267041.14
6560,344116502.2966667
6561,6391078.323333333
6562,134757475.45333335
6563,26436812.01
6564,18646285.32
6565,18218814.546666667
6566,58298696.74333333
6567,27979717.06
6568,19999444.31
6569,8873147.81
6570,112047520.68333334
6571,24078871.226666667
6572,2346666.0233333334
6573,47446338.57333333
6574,40748463.376666665
6575,2237835.7666666666
6576,46875920.846666664
6577,25450160.51
6578,70722446.33666667
6579,23949527.8
6580,71341740.37
6581,85203784.53
6582,2636184.9566666665
6583,3630724.296666667
6584,4766950.083333333
6585,51796200.19
6586,29907810.466666665
6587,58528913.59
6588,24117651.226666667
6589,38547598.71666667
6590,211883470.94333333
6591,30759953.416666668
6592,114935490.64333333
6593,66994305.013333336
6594,129533939.61
6595,1366323.6066666667
6596,168330557.78666666
6597,2099650.9266666668
6598,11418539.493333334
6599,9666600.666666666
6600,41545058.056666665
6601,73980146.78666666
6602,459218456.6766667
6603,37921479.25333333
6604,25951430.803333335
6605,125361628.83666667
6606,5502035.62
6607,60597326.10666667
6608,1598887.8966666667
6609,5747377.306666667
6610,19355873.463333335
6611,16905008.72
6612,622273902.7433333
6613,60412274.25333333
6614,347074205.25666666
6615,3617336.6166666667
6616,154686193.28666666
6617,61789122.446666665
6618,68510189.78
6619,12110043.32
6620,9724567.883333333
6621,121525464.98666666
6622,164345043.67666668
6623,333320764.76
6624,139600521.34
6625,86872231.91666667
6626,52150962.94
6627,186530459.67666668
6628,1187248.5633333332
6629,21519641.57
6630,5698679.266666667
6631,4443181.556666667
6632,11065978.39
6633,10612678.273333333
6634,15989390.383333333
6635,19929420.39666667
6636,202904660.33333334
6637,63137834.85
6638,9687020.943333333
6639,34548856.53333333
6640,50243922.57666667
6641,177816952.37666667
6642,262632950.53666666
6643,2514397.1366666667
6644,6646360.43
6645,86554250.62
6646,78508037.29
6647,8370425.01
6648,57158410.513333336
6649,7007411.65
6650,19677239.97
6651,49510118.7
6652,3101918.56
6653,60220289.406666666
6654,144912668.13
6655,44146704.32666667
6656,34090329.406666666
6657,83331399.63
6658,16833002.423333332
6659,12312741.01
6660,7392090.093333334
6661,6690388.803333334
6662,56032351.056666665
6663,474795977.4033333
6664,6530902.623333333
6665,3809120.466666667
6666,18675492.003333334
6667,161853211.85666665
6668,37004738.93666667
6669,64153504.25666667
6670,7244714.833333333
6671,45573930.93333333
6672,28906527.21
6673,81600479.34666666
6674,433668701.76666665
6675,146548010.72666666
6676,15548290.706666667
6677,4887511.96
6678,16405051.026666667
6679,501291411.29
6680,43689442.806666665
6681,674875348.31
6682,48615139.77
6683,47552271.73
6684,1545025.2433333334
6685,11004862.056666667
6686,27684529.426666666
6687,97086055.21
6688,13200394.16
6689,127629114.75333333
6690,260521356.58666667
6691,8643697.553333333
6692,765980088.7133334
6693,58468049.32333333
6694,52779351.74333333
6695,33452056.753333334
6696,145827480.47333333
6697,7011855.166666667
6698,6107745.526666666
6699,328131304.87666667
6700,198299506.95
6701,90167681.14
6702,53228362.336666666
6703,15812653.753333334
6704,5756006.143333334
6705,44484741.903333336
6706,41040044.413333334
6707,31618665.643333334
6708,67526802.31
6709,6687224.34
6710,121173452.2
6711,31955310.123333335
6712,95370636.75666666
6713,4595098.683333334
6714,3511351.7333333334
6715,13821602.803333333
6716,42832528.483333334
6717,361841991.83666664
6718,27301728.076666668
6719,38549977.833333336
6720,3137148.5366666666
6721,102422880.00666666
6722,7897876.006666667
6723,95725085.81666666
6724,51630039.72
6725,7456018.643333334
6726,119977997.17
6727,34098072.736666664
6728,16612628.116666667
6729,25549726.1
6730,69196567.91666667
6731,4077779.526666667
6732,12573222.43
6733,168103872.49666667
6734,19478545.323333334
6735,200690303.63333333
6736,4646904.4
6737,5070578.416666667
6738,29181183.376666665
6739,20338188.53
6740,2884278.9
6741,5768924.433333334
6742,25293871.116666667
6743,86103911.96
6744,49744616.93666667
6745,9048031.726666667
6746,57565583.99333333
6747,27641121.32
6748,1684820.3833333333
6749,19552800.74
6750,3622071.743333333
6751,3163678.81
6752,147417376.59666666
6753,12538977.14
6754,71701138.8
6755,11837903.12
6756,181567284.59
6757,54541355.97666667
6758,20880912.453333333
6759,67429774.3
6760,44689778.75666667
6761,32639942.23
6762,2699412.0766666667
6763,142394739.41
6764,11422537.523333333
6765,163961237.65333334
6766,1187844.0833333333
6767,30949288.1
6768,205419732.32333332
6769,41370552.59
6770,37315145.14666667
6771,12446175.166666666
6772,40994660.71
6773,21930365.9
6774,365911825.39666665
6775,343419620.4266667
6776,5145812.543333333
6777,41508029.083333336
6778,61886141.97
6779,22218714.276666667
6780,86583189.39
6781,12834306.573333334
6782,138260710.64
6783,43709832.31333333
6784,6024563.74
6785,46329545.86
6786,5514298.606666666
6787,26416855.346666668
6788,5099964.386666667
6789,4247848.286666667
6790,23022329.403333332
6791,62978234.27
6792,478137800.73333335
6793,66023658.56
6794,31902441.156666666
6795,13443973.206666667
6796,699872591.6033334
6797,79658643.89666666
6798,69603868.08
6799,7840765.866666666
6800,169363068.36333334
6801,431184210.1533333
6802,27583861.706666667
6803,231755385.79333332
6804,30407630.376666665
6805,32245669.426666666
6806,23346109.313333333
6807,40079213.25666667
6808,6610216.7
6809,56684885.07666667
6810,11543901.196666667
6811,84319541.76
6812,52790224.93666667
6813,146168785.67
6814,6391323.52
6815,17204595.07
6816,11000853.096666666
6817,813853.33
6818,6731318.606666666
6819,65320954.95
6820,90183995.99666667
6821,20590476.686666667
6822,27453947.71
6823,122906499.61666666
6824,213788142.74
6825,61320888.846666664
6826,8387570.66
6827,6588642.233333333
6828,2183038.1666666665
6829,3787561.183333333
6830,17367970.053333335
6831,69157229.74666667
6832,57979866.08
6833,38605393.54
6834,19514213.8
6835,127874617.69
6836,4824725.03
6837,231019781.36666667
6838,11528404.166666666
6839,19394674.01333333
6840,25676565.80666667
6841,23260921.47
6842,11747040.423333334
6843,24771106.77
6844,240285900.25333333
6845,23961793.73
6846,66269320.36666667
6847,5646266.0
6848,13281952.29
6849,12835202.746666666
6850,84383398.93333334
6851,164206584.65333334
6852,22658783.51333333
6853,37401000.24666667
6854,45939218.85333333
6855,83029433.00333333
6856,7645188.133333334
6857,29196454.9
6858,8077585.233333333
6859,56239870.19
6860,18315812.463333335
6861,20141476.546666667
6862,50088346.18666667
6863,409127214.2733333
6864,13376284.086666666
6865,6618175.97
6866,127574931.45333333
6867,34936225.93
6868,844117469.5433333
6869,48550108.78333333
6870,2260765.86
6871,57075046.82666667
6872,5210622.6866666665
6873,39094635.74666667
6874,42970172.88
6875,18179448.196666665
6876,53846625.443333335
6877,16229205.303333333
6878,2833803.783333333
6879,23646646.14
6880,3168420.6533333333
6881,12280702.393333333
6882,100589064.83
6883,42766794.57333333
6884,48346850.09
6885,8243648.416666667
6886,9239670.303333333
6887,24353405.626666665
6888,77535267.09
6889,4932313.073333333
6890,37505519.07333333
6891,72012563.25333333
6892,340185847.66333336
6893,252547039.71
6894,43088374.766666666
6895,5590851.876666667
6896,8176424.133333334
6897,2557850.97
6898,22111737.01333333
6899,19582586.16
6900,73902152.54333334
6901,52357826.43333333
6902,8728410.96
6903,23182655.533333335
6904,174670395.24
6905,49515442.61
6906,160503450.58333334
6907,20386932.023333333
6908,13570296.626666667
6909,7811286.66
6910,12269152.933333334
6911,11589967.583333334
6912,34427923.983333334
6913,724889933.9666667
6914,499605211.6333333
6915,59290512.623333335
6916,28023525.84
6917,770261077.9133333
6918,43210510.163333334
6919,4140294.14
6920,178629769.34666666
6921,271461583.9866667
6922,11578187.026666667
6923,9785551.33
6924,36144895.17
6925,21560597.003333334
6926,18158444.30666667
6927,2991507.1066666665
6928,33907514.42666667
6929,137696508.21
6930,194485255.39
6931,14150801.63
6932,6808521.846666667
6933,19482113.09
6934,128730804.81
6935,3577207.526666667
6936,19255408.96
6937,291105143.43
6938,6350137.956666667
6939,40394287.22
6940,177527853.88333333
6941,68907433.45333333
6942,35828588.593333334
6943,11635165.453333333
6944,170073022.29333332
6945,17359158.433333334
6946,110621198.86666666
6947,19818330.713333335
6948,26080128.813333333
6949,65829450.98
6950,343660372.8
6951,2483628.953333333
6952,25827801.223333333
6953,45769752.266666666
6954,21336339.003333334
6955,57543586.906666666
6956,11655673.983333332
6957,9594678.88
6958,4862286.7
6959,10228027.026666667
6960,54055087.35333333
6961,51756332.87
6962,194905272.94666666
6963,28846616.35333333
6964,37924017.82333333
6965,8136817.1
6966,161277115.87666667
6967,167040995.12666667
6968,5119785.65
6969,5659901.736666666
6970,17128405.336666666
6971,216156370.17333335
6972,2337748.57
6973,58743053.47666667
6974,79055821.87666667
6975,69025261.2
6976,26569402.256666668
6977,7138755.053333334
6978,8183482.336666667
6979,70094106.52333333
6980,18998711.37
6981,19192334.676666666
6982,106884993.97
6983,4002164.966666667
6984,130433828.72666667
6985,263536689.89666668
6986,44483648.32
6987,22245884.176666666
6988,23613355.686666667
6989,6141911.756666667
6990,349116128.85
6991,45745549.233333334
6992,4093680.61
6993,22031965.953333333
6994,6680692.74
6995,35639113.696666665
6996,62168666.843333334
6997,1689703.4433333334
6998,15354155.193333333
6999,91809062.91333333
7000,10359564.093333334
7001,7331316.753333333
7002,7801666.976666667
7003,39151422.28
7004,90352696.20666666
7005,4122125.97
7006,2707495.3633333333
7007,16329054.093333334
7008,99546631.50666666
7009,17232928.14666667
7010,15062301.343333334
7011,10360063.273333333
7012,20508195.99
7013,17951606.51333333
7014,7196979.496666667
7015,241317000.93333334
7016,269832845.2966667
7017,18163301.64
7018,30089235.606666666
7019,127781759.78
7020,68471419.40333334
7021,130015668.30333333
7022,27036162.936666667
7023,51367758.46
7024,14082943.833333334
7025,20311388.59
7026,253993306.89333335
7027,100176148.50666666
7028,19326627.503333334
7029,48739189.85333333
7030,124728019.99
7031,76542000.43666667
7032,24000593.026666667
7033,19644305.566666666
7034,5214505.976666667
7035,23820824.233333334
7036,5376100.65
7037,34709103.46666667
7038,11671028.5
7039,94261917.40333334
7040,21954302.113333333
7041,50903411.29
7042,79040079.98666666
7043,2852124.48
7044,37475742.34
7045,36470852.306666665
7046,59772769.053333335
7047,295915836.34
7048,22881322.67
7049,70424342.93333334
7050,1623244.8666666667
7051,22761650.76
7052,78495018.53333333
7053,12552459.273333333
7054,60231741.43333333
7055,188508214.02666667
7056,309639828.6
7057,20529000.843333334
7058,6850352.21
7059,34615314.86666667
7060,27065698.923333332
7061,16621249.62
7062,59902025.65
7063,4361333.996666667
7064,135939602.85333332
7065,33806880.63
7066,9210003.556666667
7067,2787581.1733333333
7068,51993074.47333334
7069,11528687.28
7070,146859626.55
7071,238521785.64666668
7072,29738359.84
7073,30624366.266666666
7074,4413613.6466666665
7075,63956506.31333333
7076,106475457.71333334
7077,38353178.63666666
7078,125374227.71333334
7079,20819592.28
7080,14771827.74
7081,9414304.15
7082,5456876.28
7083,4471437.273333333
7084,40401689.63333333
7085,18383299.823333334
7086,17488886.633333333
7087,182115480.74666667
7088,108191332.02666667
7089,3062668.67
7090,21440849.856666666
7091,19580816.89666667
7092,467697931.80333334
7093,53834668.77666666
7094,73688982.23333333
7095,15732427.376666667
7096,135170349.81333333
7097,116260533.76666667
7098,51229957.19
7099,73835992.21
7100,15907050.22
7101,153978360.34666666
7102,5716722.883333334
7103,12938783.33
7104,5748952.053333334
7105,130787491.99
7106,33122796.80666667
7107,58776077.013333336
7108,5226364.51
7109,64144574.833333336
7110,5088543.033333333
7111,28687810.23666667
7112,255864079.64333335
7113,142209866.46333334
7114,20312024.083333332
7115,23437670.623333335
7116,21703020.953333333
7117,2404612.6633333336
7118,25981880.60333333
7119,27046358.56
7120,3750566.8966666665
7121,7959951.736666666
7122,3370630.8766666665
7123,4830680.41
7124,590375365.6766666
7125,133882896.22666667
7126,524255563.94666666
7127,80948882.44666667
7128,13728140.883333333
7129,9630727.363333333
7130,14558896.576666666
7131,56631258.49
7132,52563773.60666667
7133,130676454.72
7134,63513715.21333333
7135,183581753.19333333
7136,55262932.68333333
7137,30009655.436666667
7138,28709994.286666665
7139,4900870.923333333
7140,154920491.16333333
7141,1448405.4733333334
7142,27452191.28
7143,197958783.56666666
7144,4657457.723333334
7145,68887746.89666666
7146,5301945.096666667
7147,80212839.1
7148,44422954.916666664
7149,17692158.113333333
7150,17888041.016666666
7151,27433594.613333333
7152,193787026.18666667
7153,5587250.3533333335
7154,42368626.96666667
7155,205054585.59
7156,6750891.12
7157,74737958.09
7158,2630770.7333333334
7159,4708190.616666666
7160,2580068.4766666666
7161,59501616.056666665
7162,282534286.43333334
7163,38300488.35333333
7164,3949455.58
7165,296453149.75333333
7166,18406647.34
7167,4747350.44
7168,5071619.87
7169,23951781.753333334
7170,45438066.68666667
7171,61131580.22666667
7172,53539233.93333333
7173,24049764.773333333
7174,5986649.236666666
7175,12390083.326666666
7176,77658736.4
7177,187809212.32333332
7178,79389551.67666666
7179,115854086.14
7180,2998824.5766666667
7181,18089454.53
7182,86155699.38
7183,2740130.966666667
7184,1230444555.26
7185,39170758.446666665
7186,44238059.46
7187,117041729.11333333
7188,61627469.09
7189,23918800.903333332
7190,9103352.043333333
7191,657253.8233333334
7192,38176932.77333333
7193,16797851.796666667
7194,305758658.95666665
7195,33660759.19
7196,54819949.92666667
7197,17929878.92
7198,58596511.81333333
7199,29876359.183333334
7200,121744966.83333333
7201,8144328.903333333
7202,39195914.08
7203,1703819.6833333333
7204,60163414.7
7205,263289954.50333333
7206,104355716.9
7207,425878510.62333333
7208,52330898.11333334
7209,7063037.076666667
7210,1481550.8033333332
7211,2561212.4233333333
7212,46063198.07666667
7213,39406284.2
7214,237894527.7
7215,134783660.71
7216,145138701.04666665
7217,7654276.386666667
7218,42305850.81666667
7219,20809005.033333335
7220,90779885.26333334
7221,36613651.873333335
7222,190611394.18333334
7223,14833212.44
7224,13345200.526666667
7225,1883500.6166666667
7226,97984516.96
7227,85782778.43
7228,42891165.79
7229,72441186.88333334
7230,5463635.593333334
7231,24328193.606666666
7232,205034442.14333335
7233,207352538.08
7234,231036294.75666666
7235,54671216.62
7236,193704156.28666666
7237,29714345.21
7238,16664888.683333334
7239,952678034.0266666
7240,63105287.02666666
7241,163101402.83
7242,60688270.986666664
7243,23439666.273333333
7244,41788760.193333335
7245,3456502.77
7246,7433552.14
7247,65399754.02
7248,98677296.10333334
7249,21177821.026666667
7250,3147360.3333333335
7251,37171690.92333333
7252,26340926.483333334
7253,30870523.253333334
7254,127350514.73333333
7255,2907729.4633333334
7256,38958052.14333333
7257,46396135.04333334
7258,38289145.443333335
7259,27432918.93
7260,1600075.0033333334
7261,484982999.25
7262,1323553.06
7263,59217221.63666666
7264,5091522.903333333
7265,11564152.456666667
7266,50711606.093333334
7267,4986292.54
7268,7698568.63
7269,80199257.87333333
7270,261520529.12666667
7271,9128235.52
7272,32255186.566666666
7273,10575487.813333333
7274,34276958.303333335
7275,40391263.23
7276,7004972.09
7277,205039606.20666668
7278,279558557.59
7279,220362684.38666666
7280,125867159.22666667
7281,43801310.21333333
7282,86945120.15
7283,165801841.51333332
7284,3601719.756666667
7285,89488790.14666666
7286,184947138.09333333
7287,7080333.32
7288,19023204.626666665
7289,86226209.69333333
7290,34349617.833333336
7291,61253943.49666667
7292,5215079.343333334
7293,52954224.27333333
7294,18048232.266666666
7295,52340103.2
7296,829138.4733333334
7297,35582336.196666665
7298,9230525.63
7299,14949258.766666668
7300,13641794.126666667
7301,59973132.836666666
7302,9214887.293333333
7303,2890932.506666667
7304,38131649.50333333
7305,6646044.09
7306,503027229.9166667
7307,5244571.403333333
7308,6830860.273333333
7309,53312162.49666667
7310,26253053.313333333
7311,13621296.836666666
7312,150243784.88
7313,215950445.84666666
7314,12907947.213333333
7315,4505995.136666667
7316,17638251.41
7317,25163115.733333334
7318,134912333.29333332
7319,11964346.603333334
7320,378643784.5733333
7321,2963834.47
7322,27002223.183333334
7323,77116797.91
7324,18475138.89
7325,257346859.1
7326,279365832.7733333
7327,7686149.636666667
7328,81155015.00666666
7329,108797779.05
7330,235030567.40333334
7331,121561644.13
7332,46342757.45
7333,73740293.80333333
7334,29162993.156666666
7335,62057698.2
7336,134274177.27666667
7337,15869637.053333333
7338,69625087.22666667
7339,88222154.96
7340,28478706.313333333
7341,1481498.3633333333
7342,117059816.40333334
7343,8401155.473333333
7344,41753228.416666664
7345,23299791.38
7346,5232197.566666666
7347,16463236.323333334
7348,6240621.096666667
7349,61218174.946666665
7350,25927749.26
7351,50052122.79
7352,1511156.8966666667
7353,14016104.723333333
7354,2561732.4766666666
7355,54798640.736666664
7356,71286307.85333334
7357,11133755.076666666
7358,15753423.78
7359,75307807.08333333
7360,41296855.17666667
7361,1293190.1066666667
7362,162287090.00333333
7363,702074368.1966667
7364,5004276.786666667
7365,52958727.95666666
7366,84723538.19333333
7367,8832360.883333333
7368,45526350.153333336
7369,59999432.66
7370,60533563.833333336
7371,3250021.4566666665
7372,106183637.53
7373,397601209.8
7374,36415242.556666665
7375,147192007.85
7376,6043158.876666667
7377,49788014.586666666
7378,113812029.63
7379,94114912.03666666
7380,20102545.703333333
7381,7558949.03
7382,35401622.17
7383,3059516.8866666667
7384,71374635.67
7385,74693876.85666667
7386,46764337.44
7387,4330905.066666666
7388,3598700.9566666665
7389,3182053.4033333333
7390,3020505.8366666664
7391,15431202.58
7392,26175121.246666666
7393,548165995.1633333
7394,72695108.74666667
7395,38388079.63333333
7396,75939863.98333333
7397,149845989.16666666
7398,73502346.67333333
