id,revenue
3001,27599242.0
3002,1033653.25
3003,32657006.0
3004,14419526.0
3005,4231513.0
3006,40567784.0
3007,9169956.0
3008,100388610.0
3009,53172896.0
3010,318720930.0
3011,563260.75
3012,2357203.2
3013,35942690.0
3014,-1552883.4
3015,60117036.0
3016,1222821.1
3017,86112584.0
3018,200570110.0
3019,18868256.0
3020,562436540.0
3021,76133350.0
3022,66383492.0
3023,253809.17
3024,42971260.0
3025,1128893.4
3026,117134110.0
3027,11579866.0
3028,61422690.0
3029,-2342447.8
3030,50254980.0
3031,53951044.0
3032,10039956.0
3033,-1702559.5
3034,2423489.2
3035,11996468.0
3036,27420240.0
3037,127308720.0
3038,62565012.0
3039,17297096.0
3040,5541847.0
3041,24531898.0
3042,2073734.8
3043,12267026.0
3044,9991396.0
3045,336569500.0
3046,4101725.2
3047,7178789.0
3048,35991424.0
3049,45015100.0
3050,86759500.0
3051,-578228.2
3052,38023256.0
3053,1767740.5
3054,2056235.4
3055,103238320.0
3056,654964.44
3057,103865200.0
3058,897103360.0
3059,4379776.0
3060,85204240.0
3061,47125844.0
3062,47410612.0
3063,44917380.0
3064,150015620.0
3065,38786790.0
3066,146400720.0
3067,10236234.0
3068,57260684.0
3069,347430980.0
3070,4927704.5
3071,21881000.0
3072,798619970.0
3073,7193725.5
3074,2380494.2
3075,36222410.0
3076,181615460.0
3077,23506958.0
3078,107133980.0
3079,79521290.0
3080,75312250.0
3081,55191896.0
3082,38873784.0
3083,11433732.0
3084,-1189295.9
3085,24417534.0
3086,95510650.0
3087,161718.0
3088,5278439.5
3089,-957412.3
3090,52695190.0
3091,46040536.0
3092,27114066.0
3093,375524060.0
3094,131516740.0
3095,36834796.0
3096,3716532.5
3097,935767230.0
3098,35058444.0
3099,64499384.0
3100,-635435.94
3101,27901598.0
3102,27491432.0
3103,5771131.0
3104,2107635.8
3105,147709440.0
3106,82453940.0
3107,33152456.0
3108,24153418.0
3109,40040396.0
3110,451220060.0
3111,7588117.5
3112,-2758889.0
3113,25917030.0
3114,24706694.0
3115,16781252.0
3116,23959312.0
3117,216329.42
3118,9934402.0
3119,197098300.0
3120,158891040.0
3121,1963594.2
3122,27053648.0
3123,62309900.0
3124,7340169.5
3125,12478046.0
3126,61004304.0
3127,20436832.0
3128,53801756.0
3129,266266940.0
3130,19199938.0
3131,1215772.4
3132,8660902.0
3133,6107266.0
3134,14692436.0
3135,3924659.8
3136,9853494.0
3137,242117780.0
3138,-1349563.6
3139,46814484.0
3140,32496914.0
3141,16462922.0
3142,2168663.5
3143,166090030.0
3144,17245776.0
3145,52921760.0
3146,18027766.0
3147,82112990.0
3148,6407290.5
3149,64230428.0
3150,112041230.0
3151,9713324.0
3152,22054930.0
3153,24516448.0
3154,14933648.0
3155,44949460.0
3156,7622306.0
3157,56767680.0
3158,212440830.0
3159,35481836.0
3160,21697146.0
3161,3326235.2
3162,34218696.0
3163,72686560.0
3164,8273220.5
3165,1551524.0
3166,3819831.0
3167,69537840.0
3168,6760889.0
3169,99339190.0
3170,18382992.0
3171,46643150.0
3172,32690316.0
3173,-73794.65
3174,2322263.8
3175,20934688.0
3176,32304266.0
3177,79468180.0
3178,2009167.2
3179,14547080.0
3180,25582360.0
3181,-694063.2
3182,549288300.0
3183,33592092.0
3184,57488450.0
3185,106221290.0
3186,55965052.0
3187,24227008.0
3188,22979872.0
3189,98903760.0
3190,39585450.0
3191,22531184.0
3192,24111770.0
3193,371919900.0
3194,76557360.0
3195,2391897.0
3196,17901188.0
3197,27366958.0
3198,128478620.0
3199,374637660.0
3200,17086230.0
3201,24992074.0
3202,28135676.0
3203,7288257.5
3204,8418204.0
3205,6603276.0
3206,25271252.0
3207,23929934.0
3208,-267238.5
3209,5568797.5
3210,599072600.0
3211,6828636.5
3212,48548520.0
3213,221338640.0
3214,6637105.0
3215,3088572.2
3216,13173780.0
3217,473483800.0
3218,19753758.0
3219,9598950.0
3220,140715500.0
3221,-4933335.0
3222,17125334.0
3223,49121280.0
3224,2258847.2
3225,22719598.0
3226,3840600.0
3227,102091090.0
3228,172907180.0
3229,152328000.0
3230,27945804.0
3231,55267772.0
3232,66646904.0
3233,16092856.0
3234,13814958.0
3235,16230758.0
3236,1910374.4
3237,33335746.0
3238,9335244.0
3239,4097524.8
3240,281833540.0
3241,16844766.0
3242,10138860.0
3243,5039276.0
3244,14950366.0
3245,19573642.0
3246,45402260.0
3247,39949830.0
3248,64691216.0
3249,22563136.0
3250,423638270.0
3251,9733022.0
3252,34844068.0
3253,53781440.0
3254,1181910.2
3255,-90732.0
3256,58314416.0
3257,22388992.0
3258,32638604.0
3259,105795500.0
3260,4105328.0
3261,606447940.0
3262,28111744.0
3263,1042489.4
3264,-1065582.6
3265,1825547.5
3266,4099088.5
3267,40991344.0
3268,1228849.5
3269,47244796.0
3270,79547700.0
3271,9807122.0
3272,12631020.0
3273,24331240.0
3274,576515200.0
3275,6825099.5
3276,8211373.5
3277,16142798.0
3278,88107336.0
3279,61152360.0
3280,252294270.0
3281,-400555.28
3282,3913013.5
3283,402702940.0
3284,43366916.0
3285,53858440.0
3286,4364248.0
3287,13816966.0
3288,24437500.0
3289,102557090.0
3290,114429910.0
3291,21837258.0
3292,307864160.0
3293,88188220.0
3294,17388560.0
3295,12849852.0
3296,4785369.5
3297,9374738.0
3298,83145656.0
3299,7558914.5
3300,44995144.0
3301,1815873.4
3302,24302292.0
3303,8478918.0
3304,19559744.0
3305,54254044.0
3306,5246831.5
3307,69816000.0
3308,13033606.0
3309,13601454.0
3310,9921834.0
3311,18656278.0
3312,38099676.0
3313,83462590.0
3314,43219144.0
3315,120899224.0
3316,31393544.0
3317,13478420.0
3318,4827170.0
3319,7222408.5
3320,27157390.0
3321,31551318.0
3322,8861334.0
3323,170179120.0
3324,11507656.0
3325,109516980.0
3326,206198350.0
3327,68501070.0
3328,28525212.0
3329,11131032.0
3330,114483900.0
3331,15412074.0
3332,54159640.0
3333,289518500.0
3334,6727238.0
3335,38641772.0
3336,17465220.0
3337,2030553.8
3338,18682510.0
3339,4449607.5
3340,123746660.0
3341,42996572.0
3342,35933460.0
3343,39373316.0
3344,591341.75
3345,12390498.0
3346,40832548.0
3347,3412563.0
3348,83488184.0
3349,55657124.0
3350,243419170.0
3351,76603590.0
3352,11390670.0
3353,111758184.0
3354,4924499.5
3355,14657112.0
3356,50713184.0
3357,4728452.5
3358,32638666.0
3359,42691810.0
3360,21755586.0
3361,189034260.0
3362,13990056.0
3363,14637096.0
3364,44295228.0
3365,2232419.5
3366,108135370.0
3367,168076140.0
3368,4706713.5
3369,58304650.0
3370,53409810.0
3371,56502116.0
3372,114718540.0
3373,61325620.0
3374,28870952.0
3375,88915770.0
3376,31032732.0
3377,22177318.0
3378,17597362.0
3379,212694160.0
3380,41316990.0
3381,4638426.5
3382,3518318.8
3383,7055597.5
3384,45901028.0
3385,82596570.0
3386,5451216.0
3387,18296588.0
3388,130261260.0
3389,1342639000.0
3390,18494894.0
3391,13240314.0
3392,30751598.0
3393,10986670.0
3394,157925950.0
3395,115916980.0
3396,33193944.0
3397,1954740.4
3398,275427000.0
3399,104382590.0
3400,14237242.0
3401,1667301.9
3402,3028649.5
3403,120067740.0
3404,33572636.0
3405,34292720.0
3406,144787740.0
3407,223451680.0
3408,109567256.0
3409,8642282.0
3410,26168614.0
3411,143938220.0
3412,26626850.0
3413,83339980.0
3414,12104476.0
3415,52684340.0
3416,135269380.0
3417,74163784.0
3418,96740616.0
3419,268166720.0
3420,1674719.6
3421,19190064.0
3422,11828944.0
3423,462695600.0
3424,6198585.0
3425,4524459.5
3426,55122896.0
3427,26897616.0
3428,2826055.0
3429,82753210.0
3430,1114531000.0
3431,4339809.5
3432,15711268.0
3433,15483676.0
3434,18014924.0
3435,264754990.0
3436,209417570.0
3437,16229940.0
3438,26291946.0
3439,75659680.0
3440,66035932.0
3441,114848856.0
3442,7716905.5
3443,6905795.0
3444,6545674.5
3445,78206824.0
3446,2829077.8
3447,27561926.0
3448,50617464.0
3449,6262861.5
3450,68500090.0
3451,68371304.0
3452,55233670.0
3453,24969032.0
3454,64826684.0
3455,9270040.0
3456,149495300.0
3457,69659680.0
3458,25186316.0
3459,831227000.0
3460,42885530.0
3461,15157712.0
3462,21698248.0
3463,65336760.0
3464,1602522.5
3465,50001812.0
3466,32204818.0
3467,20969162.0
3468,168577600.0
3469,11864624.0
3470,-610839.2
3471,43458524.0
3472,6014163.5
3473,110754300.0
3474,37907380.0
3475,295816200.0
3476,8842294.0
3477,43945696.0
3478,12246552.0
3479,197438030.0
3480,12943130.0
3481,25354834.0
3482,2900434.5
3483,10497630.0
3484,-1180553.1
3485,128996860.0
3486,182478400.0
3487,90703300.0
3488,144627780.0
3489,17013852.0
3490,14911912.0
3491,33830810.0
3492,-649221.44
3493,40208892.0
3494,15542046.0
3495,121939864.0
3496,5121636.5
3497,88445010.0
3498,14545694.0
3499,27369452.0
3500,1843751.6
3501,168433470.0
3502,55922610.0
3503,67322376.0
3504,92857660.0
3505,-125138.76
3506,110260620.0
3507,260062580.0
3508,12174794.0
3509,20097696.0
3510,56064456.0
3511,56866972.0
3512,166922860.0
3513,9519644.0
3514,28211160.0
3515,5602412.0
3516,37946984.0
3517,749886700.0
3518,34988028.0
3519,29914378.0
3520,14264710.0
3521,3038705.8
3522,25458686.0
3523,63939376.0
3524,92700670.0
3525,187216260.0
3526,35523052.0
3527,60482108.0
3528,17824392.0
3529,457971330.0
3530,134576480.0
3531,74923700.0
3532,72987750.0
3533,27541610.0
3534,50251844.0
3535,363678080.0
3536,13942806.0
3537,84966950.0
3538,94999736.0
3539,31532250.0
3540,50335784.0
3541,25240726.0
3542,18652616.0
3543,6621853.0
3544,54593524.0
3545,2956462.5
3546,12385054.0
3547,160359630.0
3548,498170270.0
3549,5041801.5
3550,426126850.0
3551,226210200.0
3552,61431320.0
3553,127711690.0
3554,148141570.0
3555,112031890.0
3556,45359004.0
3557,31576404.0
3558,167452030.0
3559,47261690.0
3560,11402530.0
3561,81200880.0
3562,12543840.0
3563,22029664.0
3564,8447498.0
3565,7598961.0
3566,50361036.0
3567,2368892.8
3568,1989317.6
3569,91199690.0
3570,2548579.0
3571,46014210.0
3572,186066380.0
3573,16588512.0
3574,17239666.0
3575,12365150.0
3576,46070480.0
3577,19711346.0
3578,158562660.0
3579,55368970.0
3580,92938680.0
3581,33831480.0
3582,91798420.0
3583,146360.62
3584,12663946.0
3585,79632104.0
3586,65023730.0
3587,63683744.0
3588,6863827.0
3589,19181410.0
3590,29032046.0
3591,371514300.0
3592,5693053.5
3593,3583751.5
3594,13515660.0
3595,18721460.0
3596,38632904.0
3597,33099082.0
3598,86641416.0
3599,8248721.0
3600,13982542.0
3601,1190090.6
3602,2722883.2
3603,25467528.0
3604,4076174.5
3605,67019250.0
3606,3800440.0
3607,64864172.0
3608,139511140.0
3609,1556774.9
3610,39712760.0
3611,6936036.0
3612,8660122.0
3613,47685000.0
3614,92716910.0
3615,88191020.0
3616,32564236.0
3617,26344666.0
3618,86191130.0
3619,2242250.5
3620,137139170.0
3621,248482510.0
3622,598565500.0
3623,97622744.0
3624,2350224.8
3625,8137557.0
3626,46501570.0
3627,39012556.0
3628,583489600.0
3629,5014960.5
3630,1068949.5
3631,165716720.0
3632,27536654.0
3633,46250010.0
3634,1806311.5
3635,7844932.0
3636,41441610.0
3637,5473845.5
3638,42153724.0
3639,133916240.0
3640,505200740.0
3641,14394712.0
3642,16804056.0
3643,28859372.0
3644,15009880.0
3645,31479092.0
3646,7181944.0
3647,72243660.0
3648,4792624.5
3649,13526804.0
3650,67389790.0
3651,358456300.0
3652,20283124.0
3653,293184030.0
3654,27738900.0
3655,20224082.0
3656,20532084.0
3657,821564.1
3658,9846848.0
3659,99655380.0
3660,373812600.0
3661,25864450.0
3662,34164040.0
3663,556311230.0
3664,-962474.6
3665,2875309.0
3666,7567912.5
3667,108007096.0
3668,65252324.0
3669,8491388.0
3670,41610350.0
3671,53308172.0
3672,12590814.0
3673,141379170.0
3674,35174916.0
3675,407541120.0
3676,73424440.0
3677,30153294.0
3678,45287532.0
3679,52707800.0
3680,13569948.0
3681,7011945.5
3682,167072300.0
3683,33391256.0
3684,108112250.0
3685,156805950.0
3686,22168668.0
3687,120080860.0
3688,9322186.0
3689,4576487.0
3690,67385240.0
3691,8084182.5
3692,3391639.5
3693,94355080.0
3694,140064290.0
3695,147347260.0
3696,65150410.0
3697,38312664.0
3698,70680600.0
3699,43964908.0
3700,19190770.0
3701,56499720.0
3702,8472906.0
3703,32102034.0
3704,98232360.0
3705,21963542.0
3706,61780024.0
3707,5334590.5
3708,16065034.0
3709,358059000.0
3710,10847308.0
3711,9169912.0
3712,32381452.0
3713,34495828.0
3714,-557865.0
3715,36003724.0
3716,13845208.0
3717,931067.1
3718,33188170.0
3719,52075660.0
3720,11480152.0
3721,757015.75
3722,86373784.0
3723,4724314.5
3724,15827322.0
3725,63232956.0
3726,28848784.0
3727,137939780.0
3728,153722930.0
3729,33504664.0
3730,59826740.0
3731,171567040.0
3732,61671.234
3733,215982610.0
3734,325157300.0
3735,15132226.0
3736,10597752.0
3737,9164842.0
3738,1932987.9
3739,14400844.0
3740,26161308.0
3741,25748140.0
3742,71067450.0
3743,35276988.0
3744,181911550.0
3745,45507972.0
3746,123642024.0
3747,761594.44
3748,12470312.0
3749,6328056.0
3750,21148352.0
3751,2403424.0
3752,238604.23
3753,12609490.0
3754,53965690.0
3755,46432372.0
3756,79068930.0
3757,324538780.0
3758,140319340.0
3759,12865240.0
3760,216371040.0
3761,77507900.0
3762,294511100.0
3763,23738524.0
3764,40410504.0
3765,11128368.0
3766,10480436.0
3767,48791976.0
3768,18285580.0
3769,5114993.5
3770,27160428.0
3771,75881120.0
3772,27889142.0
3773,40561820.0
3774,17029888.0
3775,194587230.0
3776,94900840.0
3777,8966622.0
3778,-196991.98
3779,35117436.0
3780,2318471.0
3781,16763508.0
3782,4922935.5
3783,38881700.0
3784,5774226.5
3785,396733920.0
3786,17877940.0
3787,187350640.0
3788,605288060.0
3789,28850132.0
3790,1030950.06
3791,20206564.0
3792,1835114.2
3793,8416362.0
3794,12811618.0
3795,600096960.0
3796,9703236.0
3797,-2259556.0
3798,49487410.0
3799,25468458.0
3800,222954.55
3801,103690780.0
3802,1445482.8
3803,40538970.0
3804,6256836.0
3805,48670810.0
3806,123005020.0
3807,8531050.0
3808,2060438.6
3809,27114150.0
3810,24881458.0
3811,37612984.0
3812,7581129.0
3813,3014622.8
3814,8497106.0
3815,104319530.0
3816,128400950.0
3817,210290270.0
3818,95482744.0
3819,74474040.0
3820,100147820.0
3821,156718270.0
3822,13463756.0
3823,16372014.0
3824,5674549.5
3825,21684196.0
3826,62390564.0
3827,51049864.0
3828,25776488.0
3829,1927738.4
3830,61417700.0
3831,15342226.0
3832,172428380.0
3833,33108722.0
3834,31486128.0
3835,12098798.0
3836,10140604.0
3837,28484794.0
3838,92752890.0
3839,3784947.5
3840,26023718.0
3841,31194718.0
3842,3088432.8
3843,29428258.0
3844,6487535.0
3845,-827119.6
3846,5314564.0
3847,1653882.8
3848,634552.06
3849,89896136.0
3850,30143484.0
3851,56366950.0
3852,8832208.0
3853,124794150.0
3854,14082708.0
3855,9336538.0
3856,43402628.0
3857,707070000.0
3858,3021420.8
3859,36245096.0
3860,23109418.0
3861,81942344.0
3862,6108538.5
3863,95585000.0
3864,37333308.0
3865,48988550.0
3866,9602172.0
3867,86261710.0
3868,13499470.0
3869,72569710.0
3870,126507180.0
3871,620822700.0
3872,29796014.0
3873,73166480.0
3874,3882986.5
3875,49458348.0
3876,810515.25
3877,52048508.0
3878,121758820.0
3879,317735200.0
3880,26416892.0
3881,1880746.0
3882,-254081.95
3883,3561389.0
3884,221870940.0
3885,14219086.0
3886,54267280.0
3887,11639986.0
3888,5788661.0
3889,80695140.0
3890,90766984.0
3891,3739597.0
3892,12978470.0
3893,404550900.0
3894,89411460.0
3895,50948816.0
3896,38923924.0
3897,21326134.0
3898,39726000.0
3899,595249700.0
3900,97738760.0
3901,1520207.5
3902,2962867.2
3903,16136908.0
3904,10067020.0
3905,19237500.0
3906,56309180.0
3907,10571826.0
3908,17218112.0
3909,1861751.1
3910,61083280.0
3911,2135241.2
3912,20847610.0
3913,85355944.0
3914,23245882.0
3915,300485800.0
3916,4660381.0
3917,13874368.0
3918,11307486.0
3919,81594410.0
3920,20452906.0
3921,1814145.6
3922,23671182.0
3923,57388140.0
3924,33131240.0
3925,237398980.0
3926,5787675.5
3927,104608480.0
3928,86453270.0
3929,39238144.0
3930,17390876.0
3931,6688327.5
3932,20523962.0
3933,26213310.0
3934,111618456.0
3935,1353837.1
3936,12711234.0
3937,204744220.0
3938,16401836.0
3939,37550108.0
3940,7077473.5
3941,36265090.0
3942,272965250.0
3943,869049700.0
3944,33415448.0
3945,30025826.0
3946,6415532.0
3947,72673300.0
3948,7575342.0
3949,14992990.0
3950,3981395.5
3951,32249468.0
3952,50333600.0
3953,71366660.0
3954,369936200.0
3955,53726060.0
3956,99432450.0
3957,14287982.0
3958,21931562.0
3959,12702510.0
3960,7937039.0
3961,87896200.0
3962,3590610.8
3963,22967258.0
3964,846081150.0
3965,79304136.0
3966,58856480.0
3967,345143140.0
3968,61838504.0
3969,11867316.0
3970,29141934.0
3971,24292452.0
3972,28248568.0
3973,58278856.0
3974,4046211.2
3975,107834340.0
3976,71767110.0
3977,97214024.0
3978,138196660.0
3979,23927774.0
3980,3360742.5
3981,4911454.5
3982,1641101.9
3983,23721676.0
3984,229555940.0
3985,13391730.0
3986,948629600.0
3987,42427244.0
3988,10537812.0
3989,56713584.0
3990,37826530.0
3991,1579708.9
3992,10393076.0
3993,22107062.0
3994,55339640.0
3995,43068756.0
3996,57082028.0
3997,12358240.0
3998,93316160.0
3999,20727530.0
4000,114507620.0
4001,21995136.0
4002,204470800.0
4003,2766565.2
4004,82221864.0
4005,6583402.0
4006,36374150.0
4007,357014.12
4008,13285032.0
4009,15221982.0
4010,8790650.0
4011,27007948.0
4012,229656480.0
4013,81754180.0
4014,4420080.0
4015,51070360.0
4016,25285468.0
4017,16306144.0
4018,70120440.0
4019,449541340.0
4020,26284666.0
4021,51577350.0
4022,28054698.0
4023,197517840.0
4024,61767256.0
4025,-907469.75
4026,78965090.0
4027,62648090.0
4028,2644173.5
4029,-1201411.0
4030,32603432.0
4031,127435210.0
4032,1176313.2
4033,33787596.0
4034,2199719.2
4035,68487570.0
4036,11898816.0
4037,45023092.0
4038,9410756.0
4039,37463376.0
4040,3310861.0
4041,8858156.0
4042,51278504.0
4043,6494475.5
4044,82321040.0
4045,173067800.0
4046,11302480.0
4047,693736600.0
4048,29512004.0
4049,1430837.2
4050,7972214.0
4051,304176580.0
4052,15704938.0
4053,1216605.6
4054,405822.53
4055,18716248.0
4056,11912424.0
4057,2783754.0
4058,87340890.0
4059,9682842.0
4060,76933770.0
4061,138912940.0
4062,37336560.0
4063,38403990.0
4064,495810500.0
4065,153126690.0
4066,20674780.0
4067,45999252.0
4068,27586732.0
4069,18285408.0
4070,39966704.0
4071,16284870.0
4072,35355200.0
4073,136259950.0
4074,5962133.0
4075,11474590.0
4076,39767264.0
4077,312289120.0
4078,16810680.0
4079,116648840.0
4080,13664854.0
4081,35255096.0
4082,382770660.0
4083,103468450.0
4084,2860603.8
4085,20227236.0
4086,81401560.0
4087,22588178.0
4088,48406340.0
4089,37633332.0
4090,7884679.5
4091,137654610.0
4092,52595652.0
4093,74443890.0
4094,11052658.0
4095,182902050.0
4096,23433276.0
4097,42718932.0
4098,13723916.0
4099,10315534.0
4100,66099148.0
4101,35864844.0
4102,23455114.0
4103,43328570.0
4104,21375194.0
4105,2749307.8
4106,7820992.0
4107,3415008.2
4108,16365250.0
4109,7117265.0
4110,35181290.0
4111,841060.44
4112,18672068.0
4113,10844678.0
4114,381536770.0
4115,11474466.0
4116,20145704.0
4117,30301572.0
4118,82533020.0
4119,50295396.0
4120,1317906.5
4121,23322676.0
4122,186685840.0
4123,16123490.0
4124,41528344.0
4125,26869156.0
4126,18623682.0
4127,6999714.0
4128,25428990.0
4129,3208898.8
4130,18242820.0
4131,132291260.0
4132,198665890.0
4133,39805690.0
4134,12046562.0
4135,19135160.0
4136,647301400.0
4137,9363282.0
4138,48064164.0
4139,16926606.0
4140,28514270.0
4141,28537178.0
4142,66891644.0
4143,43399124.0
4144,2181913.8
4145,10857234.0
4146,4816807.0
4147,1502275.2
4148,32120716.0
4149,5355586.0
4150,2272755.0
4151,8568728.0
4152,33205716.0
4153,27658984.0
4154,3062481.0
4155,29788700.0
4156,10789932.0
4157,7593897.0
4158,21972048.0
4159,100822320.0
4160,521932480.0
4161,71790220.0
4162,71849050.0
4163,92489940.0
4164,10065068.0
4165,9656980.0
4166,12146590.0
4167,149600240.0
4168,13303296.0
4169,17834440.0
4170,16729224.0
4171,185564560.0
4172,88519020.0
4173,37236210.0
4174,9137498.0
4175,10607992.0
4176,14530892.0
4177,-1782217.2
4178,352422400.0
4179,5643678.0
4180,55457240.0
4181,68930170.0
4182,4553480.5
4183,64870828.0
4184,14985712.0
4185,8046574.5
4186,9022952.0
4187,20788696.0
4188,24523468.0
4189,9250376.0
4190,1513705.6
4191,5881523.5
4192,-2138740.5
4193,240992580.0
4194,209305680.0
4195,19188018.0
4196,58122344.0
4197,45759132.0
4198,1409885.8
4199,22612412.0
4200,139750610.0
4201,53984240.0
4202,169459170.0
4203,13367330.0
4204,73540090.0
4205,8148892.5
4206,52924550.0
4207,384298020.0
4208,683728960.0
4209,76650890.0
4210,109637736.0
4211,35658500.0
4212,480906700.0
4213,5420787.0
4214,32294668.0
4215,5073494.5
4216,1032962.6
4217,1898813.5
4218,41964790.0
4219,21144256.0
4220,40506840.0
4221,1383283.4
4222,10556910.0
4223,88727310.0
4224,7250652.5
4225,50637148.0
4226,29524716.0
4227,35111950.0
4228,2504459.8
4229,88313220.0
4230,40811800.0
4231,8795146.0
4232,13019810.0
4233,91644970.0
4234,73236790.0
4235,12950392.0
4236,14760400.0
4237,10587704.0
4238,58417310.0
4239,142166110.0
4240,395106100.0
4241,188262240.0
4242,24994196.0
4243,3203026.5
4244,63910096.0
4245,10804534.0
4246,1329646.0
4247,66656548.0
4248,7658966.0
4249,30479792.0
4250,40797136.0
4251,8713958.0
4252,166265440.0
4253,85211176.0
4254,52940360.0
4255,44775180.0
4256,403987260.0
4257,131024530.0
4258,33730508.0
4259,9208006.0
4260,147381310.0
4261,10781308.0
4262,4299767.0
4263,11308774.0
4264,423252480.0
4265,60581812.0
4266,1126477.4
4267,34289270.0
4268,12367464.0
4269,11456160.0
4270,438320160.0
4271,43652948.0
4272,1849353.2
4273,48150100.0
4274,57055184.0
4275,13388768.0
4276,36077892.0
4277,45140492.0
4278,28220608.0
4279,83412664.0
4280,4525351.5
4281,4190091.2
4282,128812670.0
4283,5132617.5
4284,9172020.0
4285,-199992.0
4286,755246660.0
4287,18617416.0
4288,40838160.0
4289,166078460.0
4290,62227450.0
4291,8596768.0
4292,10008706.0
4293,17207776.0
4294,109220410.0
4295,87274680.0
4296,19881174.0
4297,95353510.0
4298,7301017.0
4299,29195604.0
4300,40720624.0
4301,32180466.0
4302,6079528.0
4303,10334816.0
4304,44025000.0
4305,46494700.0
4306,37076824.0
4307,-1782826.9
4308,-2183416.2
4309,38368970.0
4310,5148209.0
4311,3848137.0
4312,47740464.0
4313,146063730.0
4314,13331166.0
4315,146164540.0
4316,275207140.0
4317,21658684.0
4318,35829716.0
4319,5950186.5
4320,7874377.5
4321,52294384.0
4322,8953328.0
4323,11019918.0
4324,27000362.0
4325,9972876.0
4326,21889256.0
4327,71446820.0
4328,24959880.0
4329,7577021.5
4330,1019126340.0
4331,105077980.0
4332,77892770.0
4333,6897647.0
4334,58546388.0
4335,115424790.0
4336,53174224.0
4337,-436812.66
4338,266337630.0
4339,105420060.0
4340,45691764.0
4341,14564076.0
4342,19945008.0
4343,57936340.0
4344,3888126.5
4345,10742040.0
4346,48549976.0
4347,90689840.0
4348,2472087.8
4349,340940450.0
4350,5188279.5
4351,412809600.0
4352,11724620.0
4353,91125420.0
4354,34422932.0
4355,38671130.0
4356,5797836.0
4357,115815810.0
4358,17109666.0
4359,65206850.0
4360,76094150.0
4361,99948750.0
4362,3931541.0
4363,65999136.0
4364,130137250.0
4365,7933215.5
4366,71460744.0
4367,59231708.0
4368,89309990.0
4369,37244020.0
4370,120235784.0
4371,122544820.0
4372,24023044.0
4373,12429486.0
4374,46542684.0
4375,2478765.2
4376,1905855.0
4377,48024080.0
4378,137596770.0
4379,121282104.0
4380,171749100.0
4381,275431800.0
4382,393757380.0
4383,221002290.0
4384,44783550.0
4385,2840635.0
4386,95336320.0
4387,71822260.0
4388,59405870.0
4389,271663940.0
4390,9546506.0
4391,4102256.5
4392,94727840.0
4393,42418140.0
4394,36224016.0
4395,35629844.0
4396,40171056.0
4397,97334390.0
4398,139925680.0
4399,3587652.5
4400,8146161.5
4401,38117324.0
4402,20861410.0
4403,28727170.0
4404,47219376.0
4405,12954246.0
4406,2475414.8
4407,5772495.5
4408,627854.7
4409,3191883.2
4410,31064728.0
4411,8251895.0
4412,54300676.0
4413,53341076.0
4414,6895535.0
4415,20114456.0
4416,-391014.25
4417,184038030.0
4418,-258804.23
4419,61937910.0
4420,384118820.0
4421,9473672.0
4422,17627774.0
4423,13875042.0
4424,5270186.0
4425,69455304.0
4426,100579830.0
4427,50617940.0
4428,6204472.5
4429,2185833.2
4430,654167.5
4431,994256.9
4432,182806860.0
4433,293759330.0
4434,662624900.0
4435,14000236.0
4436,12751206.0
4437,13653264.0
4438,5702335.5
4439,19886028.0
4440,11572664.0
4441,57162460.0
4442,279135.66
4443,4048343.0
4444,9734198.0
4445,30290802.0
4446,9997010.0
4447,121685384.0
4448,61037790.0
4449,9474200.0
4450,172220850.0
4451,500812100.0
4452,44154456.0
4453,3996163.5
4454,2584865.8
4455,17841398.0
4456,52970364.0
4457,1491889.9
4458,8842750.0
4459,132501120.0
4460,33352720.0
4461,130889910.0
4462,29526006.0
4463,7551819.5
4464,92702610.0
4465,14491928.0
4466,-198809.92
4467,19232378.0
4468,4453082.5
4469,40819764.0
4470,33923144.0
4471,5683415.5
4472,107158020.0
4473,40064236.0
4474,25665750.0
4475,16437742.0
4476,4422019.0
4477,65254936.0
4478,6668079.5
4479,3665181.2
4480,101097210.0
4481,26628052.0
4482,44644784.0
4483,11867698.0
4484,4693493.5
4485,32441326.0
4486,18907302.0
4487,32491066.0
4488,71765544.0
4489,54165080.0
4490,4632101.0
4491,133340056.0
4492,16632538.0
4493,16505460.0
4494,51241976.0
4495,33459004.0
4496,29771720.0
4497,24577876.0
4498,68632960.0
4499,942810.6
4500,55289588.0
4501,106826800.0
4502,13153898.0
4503,514885300.0
4504,10090700.0
4505,-2236077.8
4506,94914220.0
4507,992249.25
4508,9109362.0
4509,6700383.0
4510,15597864.0
4511,181498580.0
4512,4939633.0
4513,73382216.0
4514,8779884.0
4515,331401400.0
4516,9955420.0
4517,9415918.0
4518,315303140.0
4519,78673990.0
4520,4704929.5
4521,20679834.0
4522,72320920.0
4523,26473594.0
4524,31740752.0
4525,8094609.5
4526,20559776.0
4527,41875292.0
4528,5134146.0
4529,3003189.8
4530,24698952.0
4531,5091817.5
4532,18271388.0
4533,31994500.0
4534,30381674.0
4535,71840400.0
4536,10885628.0
4537,88879490.0
4538,25562412.0
4539,5287667.0
4540,14998826.0
4541,14919404.0
4542,105997890.0
4543,21311376.0
4544,18406844.0
4545,2914597.2
4546,4789622.5
4547,4538081.5
4548,21933674.0
4549,12538430.0
4550,31734900.0
4551,676671550.0
4552,58642690.0
4553,16394488.0
4554,527269200.0
4555,6243400.5
4556,36614024.0
4557,49983064.0
4558,19928388.0
4559,70618120.0
4560,61032916.0
4561,42846796.0
4562,5768455.5
4563,355970200.0
4564,1465380.4
4565,6253165.0
4566,53778864.0
4567,102712770.0
4568,4576748.0
4569,27286206.0
4570,34965470.0
4571,4514322.0
4572,38759628.0
4573,31331298.0
4574,-56861.5
4575,-645809.56
4576,26138258.0
4577,37994120.0
4578,41667492.0
4579,5667473.5
4580,50448336.0
4581,15666934.0
4582,48058136.0
4583,185001250.0
4584,1261396.9
4585,179965390.0
4586,32192992.0
4587,13827388.0
4588,169798980.0
4589,20223204.0
4590,1414748300.0
4591,42426370.0
4592,174923.62
4593,151849.56
4594,35479150.0
4595,534644830.0
4596,402002620.0
4597,22020154.0
4598,146603090.0
4599,34203736.0
4600,1868106.5
4601,59541532.0
4602,23242866.0
4603,32388084.0
4604,45511052.0
4605,241370060.0
4606,200624080.0
4607,40919576.0
4608,5604545.5
4609,36903024.0
4610,173391410.0
4611,99331656.0
4612,30818450.0
4613,51191904.0
4614,35928360.0
4615,5949747.5
4616,1005934.5
4617,39246916.0
4618,15419602.0
4619,20390106.0
4620,9547978.0
4621,393636700.0
4622,46176384.0
4623,30037200.0
4624,6356754.0
4625,23703792.0
4626,5330938.0
4627,12753782.0
4628,11217752.0
4629,6339043.0
4630,25410928.0
4631,20532142.0
4632,5683311.0
4633,14692930.0
4634,18076176.0
4635,2405655.5
4636,79193480.0
4637,7305203.0
4638,6384741.5
4639,922162.75
4640,91144410.0
4641,12281616.0
4642,21394934.0
4643,95315624.0
4644,3536090.2
4645,18228904.0
4646,961257700.0
4647,124732.09
4648,11522970.0
4649,99231200.0
4650,91219176.0
4651,74076270.0
4652,530404000.0
4653,1705257.9
4654,63513460.0
4655,66099256.0
4656,19963650.0
4657,25699656.0
4658,49386620.0
4659,6466002.5
4660,53300244.0
4661,25281258.0
4662,10977436.0
4663,27266420.0
4664,731561.25
4665,37061250.0
4666,80873210.0
4667,185350880.0
4668,633780.44
4669,12163772.0
4670,31608764.0
4671,13020682.0
4672,3083214.8
4673,9112418.0
4674,4912210.5
4675,13592174.0
4676,-1511338.4
4677,1542635.0
4678,23349912.0
4679,2841691.8
4680,5403540.5
4681,20193228.0
4682,19475516.0
4683,7469116.5
4684,4203428.5
4685,54807260.0
4686,11809546.0
4687,19574694.0
4688,104084420.0
4689,15473920.0
4690,20079126.0
4691,17401048.0
4692,35046292.0
4693,22600574.0
4694,14513164.0
4695,76058970.0
4696,25278378.0
4697,114185080.0
4698,-1659448.1
4699,10746038.0
4700,172365010.0
4701,185943090.0
4702,3751948.2
4703,41700696.0
4704,90918180.0
4705,75403256.0
4706,107775790.0
4707,12905570.0
4708,37521212.0
4709,-802192.8
4710,271626500.0
4711,23804200.0
4712,3781703.5
4713,206957800.0
4714,7549558.0
4715,-885603.44
4716,2591483.5
4717,21127082.0
4718,21054562.0
4719,85022216.0
4720,27408238.0
4721,27126372.0
4722,77904130.0
4723,8593750.0
4724,249868350.0
4725,9277696.0
4726,6483101.0
4727,12320280.0
4728,70708410.0
4729,78500750.0
4730,92866.266
4731,31345998.0
4732,519247680.0
4733,2871933.5
4734,235271300.0
4735,37849480.0
4736,22640332.0
4737,67372904.0
4738,6384959.0
4739,57012970.0
4740,756453900.0
4741,4110052.0
4742,92163544.0
4743,4286573.0
4744,2455499.0
4745,377889800.0
4746,40827450.0
4747,20601236.0
4748,66172310.0
4749,12796128.0
4750,16243048.0
4751,39746230.0
4752,17666446.0
4753,22370404.0
4754,916005400.0
4755,32793616.0
4756,48578924.0
4757,153321280.0
4758,160865220.0
4759,343962660.0
4760,11051396.0
4761,34511880.0
4762,8414402.0
4763,6021412.5
4764,421860830.0
4765,33903652.0
4766,119432810.0
4767,31284228.0
4768,100829290.0
4769,44923116.0
4770,345195400.0
4771,194528480.0
4772,35752680.0
4773,20685176.0
4774,40419284.0
4775,4892156.5
4776,3619231.2
4777,308059400.0
4778,73896030.0
4779,30610804.0
4780,344081700.0
4781,111029.055
4782,33195094.0
4783,18738138.0
4784,19984526.0
4785,38341120.0
4786,59468892.0
4787,110418136.0
4788,68404810.0
4789,5900436.0
4790,139429680.0
4791,10947224.0
4792,14278398.0
4793,11294380.0
4794,11344422.0
4795,30052672.0
4796,4894586.5
4797,855990460.0
4798,84280560.0
4799,51727340.0
4800,43152236.0
4801,-44576.375
4802,73658420.0
4803,7682894.0
4804,21348484.0
4805,2815865.2
4806,22687154.0
4807,8113413.0
4808,7734254.0
4809,145006940.0
4810,3938884.0
4811,16455868.0
4812,96888280.0
4813,106366180.0
4814,8100864.5
4815,47816544.0
4816,19351834.0
4817,7992559.5
4818,37575748.0
4819,6110946.5
4820,38775788.0
4821,5185783.5
4822,10252874.0
4823,11806770.0
4824,76347390.0
4825,70410650.0
4826,22424964.0
4827,57765416.0
4828,21227618.0
4829,27959104.0
4830,103442810.0
4831,29270060.0
4832,15613952.0
4833,24250286.0
4834,30454642.0
4835,59788000.0
4836,49000260.0
4837,230362600.0
4838,42301590.0
4839,-637633.6
4840,556985860.0
4841,2562581.0
4842,70200280.0
4843,140206450.0
4844,292132.22
4845,39696964.0
4846,10789444.0
4847,571227900.0
4848,65256244.0
4849,255881260.0
4850,26666344.0
4851,1192982.8
4852,25106682.0
4853,108766984.0
4854,22387886.0
4855,91314340.0
4856,24226610.0
4857,21414230.0
4858,28548798.0
4859,20043926.0
4860,754855940.0
4861,148888620.0
4862,292183680.0
4863,225852720.0
4864,68331760.0
4865,56641948.0
4866,16371836.0
4867,135118080.0
4868,10423354.0
4869,7082708.0
4870,9494686.0
4871,40583290.0
4872,8032625.5
4873,23429482.0
4874,96800344.0
4875,23825830.0
4876,32708584.0
4877,61780960.0
4878,42266052.0
4879,38105748.0
4880,18416168.0
4881,2724401.5
4882,17738260.0
4883,55353540.0
4884,94985180.0
4885,15199428.0
4886,31628636.0
4887,1517059.8
4888,11409512.0
4889,1849512.1
4890,121994730.0
4891,333838.16
4892,5525256.5
4893,55177860.0
4894,7041724.5
4895,8384562.0
4896,94324890.0
4897,7463941.5
4898,159359630.0
4899,100161940.0
4900,145759710.0
4901,61351940.0
4902,16720956.0
4903,23013918.0
4904,270946300.0
4905,67477590.0
4906,2627860.5
4907,842911900.0
4908,27133384.0
4909,68339750.0
4910,39406160.0
4911,34794340.0
4912,26117496.0
4913,28673108.0
4914,45857216.0
4915,61684732.0
4916,33844372.0
4917,12359058.0
4918,204129740.0
4919,47318590.0
4920,47511880.0
4921,110158504.0
4922,29836976.0
4923,8125026.0
4924,50872980.0
4925,79679900.0
4926,9104186.0
4927,24710972.0
4928,36435516.0
4929,33572876.0
4930,33096934.0
4931,32309752.0
4932,5801501.5
4933,162408480.0
4934,9216062.0
4935,376148830.0
4936,10162548.0
4937,4785704.0
4938,11173830.0
4939,4712124.0
4940,18485170.0
4941,61534000.0
4942,7203525.0
4943,93410710.0
4944,54652030.0
4945,9188590.0
4946,7108059.0
4947,-380608.7
4948,8118549.5
4949,59863060.0
4950,69786360.0
4951,47539668.0
4952,27996202.0
4953,108885720.0
4954,38860944.0
4955,8538228.0
4956,15078886.0
4957,57027190.0
4958,12787128.0
4959,11678134.0
4960,9866406.0
4961,122487360.0
4962,17169208.0
4963,15003222.0
4964,3452767.2
4965,9366578.0
4966,9798396.0
4967,54707844.0
4968,15678850.0
4969,1246869.0
4970,4778705.0
4971,86948300.0
4972,7312132.0
4973,52483828.0
4974,136151070.0
4975,30589694.0
4976,2844468.0
4977,102496540.0
4978,8487068.0
4979,10556330.0
4980,21204022.0
4981,54195652.0
4982,146422960.0
4983,2665129.2
4984,61882016.0
4985,310264670.0
4986,4056397.8
4987,9261248.0
4988,622761.25
4989,19525008.0
4990,6152118.5
4991,19802002.0
4992,250549230.0
4993,18534822.0
4994,86867010.0
4995,1337235.4
4996,29707512.0
4997,87246210.0
4998,22171122.0
4999,81517130.0
5000,180335760.0
5001,256704400.0
5002,240389100.0
5003,75851540.0
5004,35918790.0
5005,49688096.0
5006,491197540.0
5007,47628988.0
5008,284736860.0
5009,63690816.0
5010,6892383.5
5011,12128194.0
5012,34089110.0
5013,22037142.0
5014,28009318.0
5015,31703430.0
5016,182309180.0
5017,30191562.0
5018,48904860.0
5019,58818170.0
5020,25826652.0
5021,-266431.9
5022,46565584.0
5023,8945036.0
5024,101742950.0
5025,5078830.5
5026,179998900.0
5027,43057204.0
5028,92563640.0
5029,110487430.0
5030,23438098.0
5031,6115725.0
5032,157311800.0
5033,8052572.0
5034,14181162.0
5035,2824103.8
5036,35530650.0
5037,56151052.0
5038,457464000.0
5039,3482434.5
5040,45480064.0
5041,37316756.0
5042,23969452.0
5043,27147282.0
5044,207057860.0
5045,10422656.0
5046,5000002.0
5047,16984170.0
5048,2326568.8
5049,101963790.0
5050,-212348.44
5051,368570370.0
5052,190323550.0
5053,17477640.0
5054,58903880.0
5055,12273916.0
5056,20816452.0
5057,30393548.0
5058,9367494.0
5059,23985972.0
5060,65383270.0
5061,56366468.0
5062,13990182.0
5063,1199977.4
5064,68388130.0
5065,11899126.0
5066,24975898.0
5067,62339050.0
5068,49040370.0
5069,93022024.0
5070,11472438.0
5071,218074160.0
5072,85411770.0
5073,18731146.0
5074,4397987.0
5075,12103752.0
5076,40323184.0
5077,142596160.0
5078,15130430.0
5079,24728674.0
5080,104004184.0
5081,60483316.0
5082,25767088.0
5083,4621035.0
5084,15762048.0
5085,3105701.2
5086,18480540.0
5087,5251408.0
5088,9543086.0
5089,5070725.0
5090,11096618.0
5091,36360024.0
5092,71410310.0
5093,30658682.0
5094,106237180.0
5095,68593730.0
5096,47590068.0
5097,4403363.0
5098,8758474.0
5099,4236738.5
5100,13197458.0
5101,1850494.6
5102,33820684.0
5103,1576184.0
5104,63948284.0
5105,6469004.5
5106,4055137.8
5107,59000360.0
5108,29309508.0
5109,1874306.9
5110,51543916.0
5111,160115730.0
5112,19670040.0
5113,5490170.5
5114,7129877.0
5115,7084547.5
5116,4793579.5
5117,376705120.0
5118,36386420.0
5119,9622092.0
5120,585908.9
5121,54065628.0
5122,48279988.0
5123,42806910.0
5124,14755510.0
5125,16054812.0
5126,12012412.0
5127,29996174.0
5128,12690122.0
5129,1140986.2
5130,43347604.0
5131,24117462.0
5132,45145680.0
5133,219336720.0
5134,145771520.0
5135,170128100.0
5136,12238330.0
5137,116005496.0
5138,20369662.0
5139,161306930.0
5140,152923870.0
5141,31032692.0
5142,135356740.0
5143,71266010.0
5144,64384724.0
5145,30968554.0
5146,4366127.5
5147,5243116.5
5148,29577918.0
5149,5971127.5
5150,281436030.0
5151,473580130.0
5152,100868770.0
5153,11454604.0
5154,38612932.0
5155,11195932.0
5156,796351360.0
5157,28851228.0
5158,2557828.8
5159,96686580.0
5160,42055490.0
5161,18686540.0
5162,79836870.0
5163,207893540.0
5164,2140686.0
5165,35523532.0
5166,151285710.0
5167,6626544.0
5168,18231600.0
5169,16788472.0
5170,92497860.0
5171,153920320.0
5172,24088204.0
5173,68637260.0
5174,102476776.0
5175,19214988.0
5176,6808563.0
5177,107858560.0
5178,746047300.0
5179,16863452.0
5180,25842374.0
5181,2436803.5
5182,38919300.0
5183,5740268.5
5184,28437982.0
5185,4852484.0
5186,23116890.0
5187,820227.56
5188,8680610.0
5189,66612436.0
5190,291409920.0
5191,30864208.0
5192,192778110.0
5193,101372510.0
5194,47231584.0
5195,210568210.0
5196,46966110.0
5197,47563280.0
5198,51116920.0
5199,34541304.0
5200,7655419.5
5201,73605190.0
5202,7589419.0
5203,-837125.2
5204,1330400.8
5205,10706710.0
5206,32178576.0
5207,10893752.0
5208,41795920.0
5209,81521280.0
5210,36834252.0
5211,10333034.0
5212,9618162.0
5213,133995720.0
5214,1597761.5
5215,29647022.0
5216,73907990.0
5217,9570518.0
5218,11988494.0
5219,36974364.0
5220,65832868.0
5221,2307064.5
5222,1213172.8
5223,78383420.0
5224,-1192757.4
5225,1318439.0
5226,62939530.0
5227,1648165.2
5228,34538764.0
5229,150017300.0
5230,17757250.0
5231,24344410.0
5232,3839644.2
5233,10495820.0
5234,74251500.0
5235,21025534.0
5236,216449000.0
5237,156038370.0
5238,2477114.2
5239,38748868.0
5240,146309940.0
5241,30383848.0
5242,49802216.0
5243,1213733.1
5244,101006590.0
5245,10540726.0
5246,31849416.0
5247,28546432.0
5248,1567116.9
5249,45776990.0
5250,195557140.0
5251,26070740.0
5252,5661349.0
5253,8599654.0
5254,891802.75
5255,50996416.0
5256,28456044.0
5257,11562140.0
5258,6048642.5
5259,107901064.0
5260,19203954.0
5261,48131320.0
5262,11713562.0
5263,139134100.0
5264,8100339.5
5265,26308438.0
5266,40083400.0
5267,2445918.2
5268,8086965.5
5269,76405304.0
5270,104586050.0
5271,32755558.0
5272,84864100.0
5273,6114707.5
5274,48325630.0
5275,35910988.0
5276,20764342.0
5277,5789083.5
5278,16612608.0
5279,9856922.0
5280,7046735.0
5281,17877800.0
5282,38715932.0
5283,3662673.8
5284,15265374.0
5285,92976300.0
5286,27233774.0
5287,17589114.0
5288,25352736.0
5289,199299300.0
5290,265857970.0
5291,497259970.0
5292,176532960.0
5293,186610100.0
5294,1675160.5
5295,564383500.0
5296,4861190.0
5297,47456080.0
5298,156059330.0
5299,8303934.5
5300,4535005.0
5301,21800780.0
5302,69882360.0
5303,11735294.0
5304,20647108.0
5305,1007676.6
5306,80462050.0
5307,224948370.0
5308,18740.018
5309,3366697.2
5310,53363092.0
5311,16012564.0
5312,169250380.0
5313,552157200.0
5314,45852148.0
5315,4503960.0
5316,47661668.0
5317,38951068.0
5318,9355326.0
5319,37350616.0
5320,20220762.0
5321,38787932.0
5322,8271863.0
5323,104262290.0
5324,30266554.0
5325,7208579.0
5326,27943230.0
5327,148931650.0
5328,21986704.0
5329,4607361.5
5330,146743820.0
5331,7281806.0
5332,6410035.0
5333,29932138.0
5334,29934678.0
5335,2977922.8
5336,35488812.0
5337,2920605.8
5338,61191496.0
5339,28247532.0
5340,22318554.0
5341,162370740.0
5342,105931830.0
5343,87298824.0
5344,113517910.0
5345,18795.732
5346,103895970.0
5347,-1496645.5
5348,12598738.0
5349,3440506.5
5350,974273.4
5351,92940430.0
5352,5216080.0
5353,30981348.0
5354,118653464.0
5355,59393708.0
5356,40760250.0
5357,8637280.0
5358,117792920.0
5359,29807206.0
5360,133247350.0
5361,16280652.0
5362,14036152.0
5363,32493284.0
5364,1629563.9
5365,72496024.0
5366,40408856.0
5367,73218470.0
5368,17790024.0
5369,536734700.0
5370,17770742.0
5371,67900890.0
5372,556586700.0
5373,64704904.0
5374,48374850.0
5375,69760184.0
5376,138872820.0
5377,19160430.0
5378,4543053.0
5379,17180552.0
5380,94292560.0
5381,99603710.0
5382,102168210.0
5383,2014512.0
5384,254600900.0
5385,83678750.0
5386,37892736.0
5387,8364817.0
5388,210421120.0
5389,32078468.0
5390,34479224.0
5391,27330448.0
5392,2961206.5
5393,12559358.0
5394,37122972.0
5395,51710212.0
5396,280887500.0
5397,8664938.0
5398,15840902.0
5399,11745404.0
5400,14880970.0
5401,119606216.0
5402,71306180.0
5403,100398780.0
5404,4239545.0
5405,37576740.0
5406,5192762.0
5407,184174770.0
5408,471985570.0
5409,204862980.0
5410,14392496.0
5411,32228294.0
5412,-1216603.8
5413,3791554.8
5414,113553400.0
5415,80583890.0
5416,49214720.0
5417,91976380.0
5418,2762992.8
5419,772563.4
5420,45098630.0
5421,33280496.0
5422,45837796.0
5423,234868030.0
5424,241771760.0
5425,24319440.0
5426,21507582.0
5427,11360040.0
5428,4852285.5
5429,128793100.0
5430,168881820.0
5431,51001156.0
5432,88266790.0
5433,38972336.0
5434,39056308.0
5435,39005852.0
5436,22514824.0
5437,48139730.0
5438,25710382.0
5439,564240.5
5440,89513280.0
5441,10481968.0
5442,136444740.0
5443,130254580.0
5444,54114296.0
5445,83484190.0
5446,121081860.0
5447,33851696.0
5448,22152210.0
5449,115131910.0
5450,13171144.0
5451,33232882.0
5452,1911487.0
5453,154499280.0
5454,142743920.0
5455,14991938.0
5456,18452056.0
5457,61743524.0
5458,13404700.0
5459,13797878.0
5460,-2363896.0
5461,4603625.0
5462,8727370.0
5463,825697000.0
5464,3070584.2
5465,29454938.0
5466,82957120.0
5467,52190390.0
5468,113415660.0
5469,1083936.6
5470,288629570.0
5471,108141944.0
5472,74738104.0
5473,33719336.0
5474,31152972.0
5475,32943264.0
5476,16999136.0
5477,8187392.0
5478,18485478.0
5479,114972344.0
5480,18084434.0
5481,5382114.0
5482,24392690.0
5483,22422924.0
5484,85372670.0
5485,12623160.0
5486,37261390.0
5487,616116800.0
5488,109899300.0
5489,66649960.0
5490,32104678.0
5491,185554850.0
5492,138983740.0
5493,16775280.0
5494,2500441.0
5495,18358584.0
5496,51034750.0
5497,24950286.0
5498,11707046.0
5499,75005440.0
5500,19804238.0
5501,12254384.0
5502,22136558.0
5503,30711584.0
5504,62720700.0
5505,2565643.5
5506,398877570.0
5507,18105460.0
5508,133614100.0
5509,178059440.0
5510,34712184.0
5511,9338594.0
5512,108238320.0
5513,-4093714.0
5514,24710186.0
5515,6822261.5
5516,7087693.0
5517,311190400.0
5518,23743916.0
5519,149824780.0
5520,4751258.0
5521,21104656.0
5522,2152171.0
5523,500705630.0
5524,457048030.0
5525,69013180.0
5526,17792622.0
5527,4959327.5
5528,107447670.0
5529,1425870.8
5530,260034260.0
5531,5490403.0
5532,25884126.0
5533,92216730.0
5534,497898500.0
5535,4414599.5
5536,4600847.5
5537,20788674.0
5538,26314308.0
5539,211640100.0
5540,52287104.0
5541,104063450.0
5542,4563363.5
5543,16010348.0
5544,39548176.0
5545,4215836.5
5546,40611080.0
5547,29781630.0
5548,15979286.0
5549,51163092.0
5550,41098236.0
5551,21200888.0
5552,55587970.0
5553,46401384.0
5554,8171559.0
5555,32969598.0
5556,39170588.0
5557,15098552.0
5558,688481600.0
5559,13223472.0
5560,8621498.0
5561,23494884.0
5562,55169644.0
5563,-813828.56
5564,2820406.5
5565,19267866.0
5566,14796334.0
5567,21220500.0
5568,33841064.0
5569,57703412.0
5570,29235336.0
5571,123582744.0
5572,4045227.0
5573,113315540.0
5574,50510256.0
5575,123718584.0
5576,57284264.0
5577,30100416.0
5578,42066376.0
5579,7716121.0
5580,6134247.5
5581,19540792.0
5582,37528320.0
5583,141410030.0
5584,29452158.0
5585,19514330.0
5586,-409305.53
5587,41149532.0
5588,107943890.0
5589,64005740.0
5590,7742202.0
5591,39381310.0
5592,11864082.0
5593,23160768.0
5594,8010790.0
5595,63860500.0
5596,151246600.0
5597,13490612.0
5598,30715356.0
5599,11486116.0
5600,18304638.0
5601,54201492.0
5602,57885960.0
5603,10511550.0
5604,14358658.0
5605,76326400.0
5606,74666280.0
5607,34346464.0
5608,108543680.0
5609,39478500.0
5610,45966590.0
5611,70669450.0
5612,835254800.0
5613,6769182.0
5614,33813180.0
5615,54387092.0
5616,24571112.0
5617,318508800.0
5618,41848670.0
5619,84537000.0
5620,12211738.0
5621,76271310.0
5622,87747510.0
5623,25909252.0
5624,741997900.0
5625,6246572.0
5626,3022133.5
5627,100168380.0
5628,43386910.0
5629,242564930.0
5630,11018382.0
5631,42729030.0
5632,34669190.0
5633,29454710.0
5634,27862644.0
5635,62742330.0
5636,6099007.5
5637,28550348.0
5638,123629960.0
5639,15107032.0
5640,7275222.5
5641,67161060.0
5642,21634094.0
5643,2711727.5
5644,524679170.0
5645,129316580.0
5646,8992236.0
5647,10759920.0
5648,79798400.0
5649,7152479.5
5650,118399976.0
5651,56959756.0
5652,1671818.4
5653,180627310.0
5654,118375270.0
5655,52979716.0
5656,674912060.0
5657,1995619.9
5658,27290578.0
5659,25891778.0
5660,123295400.0
5661,21185022.0
5662,338288200.0
5663,17733862.0
5664,19028238.0
5665,42257972.0
5666,15670370.0
5667,49805300.0
5668,5578766.0
5669,7309976.0
5670,608261440.0
5671,17207638.0
5672,29143930.0
5673,177962380.0
5674,21547492.0
5675,2031239.8
5676,425566.56
5677,116636180.0
5678,93185230.0
5679,2338079.5
5680,28767984.0
5681,836374140.0
5682,3221039.5
5683,334055550.0
5684,130841560.0
5685,20278444.0
5686,3214228.2
5687,90424830.0
5688,24412114.0
5689,39103440.0
5690,7189427.0
5691,46649356.0
5692,554073150.0
5693,49316964.0
5694,42702190.0
5695,10858268.0
5696,46601852.0
5697,-2028999.9
5698,7504671.0
5699,9339976.0
5700,44839120.0
5701,41078452.0
5702,64321016.0
5703,71163624.0
5704,132917140.0
5705,17134906.0
5706,2157385.5
5707,51023120.0
5708,20036324.0
5709,20469270.0
5710,21858758.0
5711,51329084.0
5712,236307730.0
5713,19809452.0
5714,29448750.0
5715,12449672.0
5716,1898532.0
5717,19392060.0
5718,7146847.5
5719,42123548.0
5720,11205414.0
5721,81556520.0
5722,15860254.0
5723,47764896.0
5724,16023502.0
5725,3785336.5
5726,58268930.0
5727,185947090.0
5728,36863476.0
5729,383282530.0
5730,5667784.5
5731,2181739.0
5732,12214398.0
5733,11464006.0
5734,42483964.0
5735,13032722.0
5736,70840540.0
5737,67348410.0
5738,88704830.0
5739,31588348.0
5740,30682768.0
5741,176626660.0
5742,49729970.0
5743,35584748.0
5744,-1478204.0
5745,8946158.0
5746,26770888.0
5747,-675170.75
5748,140197980.0
5749,74100850.0
5750,49108644.0
5751,33543338.0
5752,6742780.0
5753,321624580.0
5754,39421556.0
5755,102007640.0
5756,33428776.0
5757,11943620.0
5758,-566265.56
5759,42470736.0
5760,8725282.0
5761,221130.36
5762,134473900.0
5763,106687210.0
5764,10999004.0
5765,21753182.0
5766,50216376.0
5767,47970852.0
5768,42386750.0
5769,426426240.0
5770,11568324.0
5771,34424244.0
5772,29963580.0
5773,401052900.0
5774,116580700.0
5775,50122796.0
5776,1013191.4
5777,136304350.0
5778,131693470.0
5779,321573470.0
5780,7379332.5
5781,116840370.0
5782,84829890.0
5783,75252744.0
5784,38684212.0
5785,81414420.0
5786,13488644.0
5787,135109920.0
5788,3279419.0
5789,28733592.0
5790,102299750.0
5791,22437982.0
5792,11659606.0
5793,13627048.0
5794,66753732.0
5795,135471420.0
5796,21801730.0
5797,68152904.0
5798,1669800.8
5799,263836400.0
5800,-131585.55
5801,9968274.0
5802,2812514.0
5803,5892208.5
5804,447943070.0
5805,-1010866.06
5806,60117124.0
5807,59358292.0
5808,91828870.0
5809,21410842.0
5810,4066577.8
5811,11718990.0
5812,61267570.0
5813,187903800.0
5814,992570.75
5815,15241958.0
5816,16864546.0
5817,5887787.5
5818,2557419.5
5819,97697920.0
5820,30655680.0
5821,7023633.5
5822,2073451.0
5823,36888544.0
5824,31632078.0
5825,54254780.0
5826,8154851.5
5827,13850678.0
5828,476439140.0
5829,74153320.0
5830,80658150.0
5831,125865590.0
5832,48851664.0
5833,24408986.0
5834,43653200.0
5835,3560499.5
5836,91820010.0
5837,40390604.0
5838,871168.4
5839,90941460.0
5840,2924931.0
5841,90754984.0
5842,83512870.0
5843,25521650.0
5844,11674858.0
5845,6897051.5
5846,2945740.8
5847,66529830.0
5848,76041800.0
5849,23563302.0
5850,43325692.0
5851,17202912.0
5852,18457930.0
5853,29042310.0
5854,27853566.0
5855,133841944.0
5856,15879856.0
5857,1054387400.0
5858,4001441.0
5859,45987996.0
5860,89805690.0
5861,7090425.0
5862,63109124.0
5863,76448620.0
5864,463366530.0
5865,22248280.0
5866,3605130.5
5867,13423362.0
5868,37306070.0
5869,16718172.0
5870,3618787.0
5871,89626664.0
5872,400396900.0
5873,33366538.0
5874,3604510.2
5875,60594876.0
5876,64277652.0
5877,13335944.0
5878,126605784.0
5879,-4232187.5
5880,72818660.0
5881,117945330.0
5882,293887600.0
5883,14181582.0
5884,54386964.0
5885,16088610.0
5886,20048062.0
5887,18695036.0
5888,18687570.0
5889,3864012.2
5890,56958290.0
5891,37286224.0
5892,17261334.0
5893,-788879.5
5894,95016550.0
5895,44727130.0
5896,99863200.0
5897,2589968.5
5898,83465940.0
5899,4095439.5
5900,12753198.0
5901,-294300.2
5902,26043936.0
5903,101225950.0
5904,84883670.0
5905,99592240.0
5906,78002550.0
5907,9715094.0
5908,69779410.0
5909,34877150.0
5910,140907820.0
5911,2953963.2
5912,329858370.0
5913,40789972.0
5914,28872084.0
5915,16156272.0
5916,26610654.0
5917,188251060.0
5918,84615990.0
5919,65556856.0
5920,13288934.0
5921,63333500.0
5922,13654224.0
5923,13579974.0
5924,10835918.0
5925,465129200.0
5926,3273433.8
5927,3824900.2
5928,64122710.0
5929,208658.77
5930,99876740.0
5931,68966490.0
5932,11023546.0
5933,18910396.0
5934,121950520.0
5935,259420290.0
5936,101170216.0
5937,-3475201.2
5938,30529636.0
5939,42125028.0
5940,81577480.0
5941,13220800.0
5942,101742630.0
5943,7477557.0
5944,31439704.0
5945,18098758.0
5946,8044377.0
5947,6399162.0
5948,150528350.0
5949,4455678.5
5950,118761990.0
5951,52587244.0
5952,2338274.2
5953,126869510.0
5954,15945226.0
5955,23685070.0
5956,109926950.0
5957,46713636.0
5958,70939510.0
5959,7488943.0
5960,24870932.0
5961,6013949.0
5962,6812021.5
5963,51771548.0
5964,82797256.0
5965,59229892.0
5966,47179450.0
5967,390274700.0
5968,99566480.0
5969,64968116.0
5970,26772742.0
5971,1833073.1
5972,23192410.0
5973,74692460.0
5974,10483828.0
5975,16832162.0
5976,503460.0
5977,2956306.2
5978,825644200.0
5979,6784882.5
5980,256427000.0
5981,6317209.5
5982,149361800.0
5983,4176997.2
5984,30032438.0
5985,99801144.0
5986,8129805.5
5987,16578160.0
5988,56269264.0
5989,-695485.75
5990,119405440.0
5991,2738989.8
5992,49553388.0
5993,51485700.0
5994,5699096.5
5995,18740058.0
5996,40474080.0
5997,24930980.0
5998,366048580.0
5999,3746183.0
6000,9259384.0
6001,10409916.0
6002,-704715.5
6003,351743870.0
6004,102351190.0
6005,29275112.0
6006,8846972.0
6007,23983654.0
6008,8403564.0
6009,74752260.0
6010,99583990.0
6011,39654170.0
6012,22572090.0
6013,247026400.0
6014,13152396.0
6015,22579578.0
6016,16490392.0
6017,9750676.0
6018,861874.25
6019,6454185.5
6020,9586764.0
6021,8298618.0
6022,2874283.5
6023,121213070.0
6024,4237142.0
6025,47792656.0
6026,158014980.0
6027,14146628.0
6028,130459690.0
6029,17177380.0
6030,350367700.0
6031,61389188.0
6032,1691854.2
6033,44244788.0
6034,10602392.0
6035,624476100.0
6036,10196798.0
6037,8331238.5
6038,3864200.8
6039,13685050.0
6040,57093384.0
6041,262376350.0
6042,2436019.5
6043,179933810.0
6044,9906388.0
6045,24228494.0
6046,3105748.5
6047,24659166.0
6048,4715836.5
6049,5819864.5
6050,50277504.0
6051,13795518.0
6052,41585270.0
6053,4099088.5
6054,13816196.0
6055,5881286.5
6056,36331440.0
6057,5073215.0
6058,55796416.0
6059,162778160.0
6060,29815590.0
6061,91274744.0
6062,10218844.0
6063,104017730.0
6064,8247212.5
6065,180368940.0
6066,42311828.0
6067,97728490.0
6068,2865103.0
6069,171450510.0
6070,169033400.0
6071,20145226.0
6072,40158070.0
6073,44797636.0
6074,4078697.0
6075,7696768.0
6076,116045260.0
6077,10883970.0
6078,92451770.0
6079,564570800.0
6080,7597737.0
6081,2281029.0
6082,6720879.0
6083,115214350.0
6084,30236030.0
6085,34718830.0
6086,9213786.0
6087,36488024.0
6088,6601156.5
6089,26030616.0
6090,357006850.0
6091,649317.75
6092,1383279.5
6093,20786418.0
6094,191797710.0
6095,92279736.0
6096,6380642.5
6097,45842084.0
6098,22691108.0
6099,49861490.0
6100,64989804.0
6101,232803100.0
6102,64328670.0
6103,107476050.0
6104,4646753.0
6105,57292640.0
6106,5256026.0
6107,1947772.4
6108,55124892.0
6109,11678188.0
6110,78450810.0
6111,5554041.0
6112,-2626919.2
6113,15967580.0
6114,99477544.0
6115,151556940.0
6116,3192377.2
6117,58790190.0
6118,55394308.0
6119,71122330.0
6120,54835148.0
6121,5460920.0
6122,113635530.0
6123,23411352.0
6124,7404980.5
6125,13830374.0
6126,13350228.0
6127,25278626.0
6128,325396220.0
6129,34892108.0
6130,-1868242.9
6131,13441298.0
6132,2310803.8
6133,23844710.0
6134,45314656.0
6135,55991016.0
6136,500695650.0
6137,165256100.0
6138,8842446.0
6139,1381079400.0
6140,13808834.0
6141,26812518.0
6142,4925641.0
6143,11586160.0
6144,26575518.0
6145,9752478.0
6146,34084284.0
6147,98629070.0
6148,12407170.0
6149,102847270.0
6150,333496500.0
6151,17308678.0
6152,1131850200.0
6153,1870010.0
6154,33171830.0
6155,135645730.0
6156,5929794.5
6157,15749058.0
6158,59077116.0
6159,17562680.0
6160,25213726.0
6161,21240018.0
6162,66006980.0
6163,6876540.0
6164,2985500.8
6165,45067530.0
6166,38386296.0
6167,6523789.0
6168,26055688.0
6169,59197770.0
6170,9945534.0
6171,16930696.0
6172,10437500.0
6173,47076116.0
6174,47210304.0
6175,22293722.0
6176,85008480.0
6177,60697824.0
6178,3372628.5
6179,290323550.0
6180,35508404.0
6181,53323116.0
6182,632788100.0
6183,39703424.0
6184,776075200.0
6185,15797486.0
6186,38317292.0
6187,7238827.5
6188,32440122.0
6189,32972076.0
6190,110277660.0
6191,17841274.0
6192,79128420.0
6193,19407272.0
6194,-1317423.4
6195,1377772.2
6196,32039706.0
6197,7234384.0
6198,102880150.0
6199,829084000.0
6200,4070752.8
6201,14809614.0
6202,155066450.0
6203,596317440.0
6204,13545648.0
6205,29609768.0
6206,73311690.0
6207,60674030.0
6208,49860936.0
6209,588048.0
6210,1158269.5
6211,44694430.0
6212,17051582.0
6213,62442350.0
6214,48837204.0
6215,27642982.0
6216,41337684.0
6217,1052373.0
6218,26257410.0
6219,45059510.0
6220,1501057.5
6221,16473856.0
6222,7149813.5
6223,79981500.0
6224,41513390.0
6225,60099948.0
6226,22381088.0
6227,36176296.0
6228,541653.6
6229,1641422.4
6230,-98705.484
6231,107402080.0
6232,5001621.5
6233,200656590.0
6234,43136920.0
6235,61460976.0
6236,10961840.0
6237,7155736.0
6238,9647466.0
6239,139129380.0
6240,205016050.0
6241,2177522.0
6242,12506632.0
6243,23086186.0
6244,45127220.0
6245,6267720.5
6246,5160245.5
6247,791978400.0
6248,1855907.6
6249,21530358.0
6250,25452772.0
6251,168599490.0
6252,16105152.0
6253,14741060.0
6254,215400930.0
6255,4749476.0
6256,11874504.0
6257,136420420.0
6258,3972945.2
6259,3478107.2
6260,11636346.0
6261,159905220.0
6262,17721752.0
6263,157067790.0
6264,31911316.0
6265,7013718.5
6266,10550646.0
6267,134533820.0
6268,2874006.5
6269,167312370.0
6270,123920570.0
6271,241091980.0
6272,-564447.1
6273,64488060.0
6274,311591200.0
6275,52801732.0
6276,14205944.0
6277,32403140.0
6278,13902452.0
6279,27128008.0
6280,27063170.0
6281,9274926.0
6282,424749980.0
6283,36905984.0
6284,97271560.0
6285,37671960.0
6286,11101542.0
6287,14870390.0
6288,124126130.0
6289,216335820.0
6290,314095.03
6291,57430580.0
6292,113695300.0
6293,445256740.0
6294,7178167.5
6295,346972960.0
6296,9967962.0
6297,43316604.0
6298,590301.4
6299,3172391.5
6300,89143350.0
6301,65758196.0
6302,9076192.0
6303,15647116.0
6304,44286356.0
6305,163370980.0
6306,63789924.0
6307,2680788.8
6308,4123576.5
6309,-1854685.0
6310,57573684.0
6311,12346084.0
6312,2663127.2
6313,37393280.0
6314,69711304.0
6315,16519846.0
6316,51244220.0
6317,221690640.0
6318,57457044.0
6319,44251732.0
6320,-1351893.8
6321,148762600.0
6322,46604856.0
6323,32930622.0
6324,273418.34
6325,79086240.0
6326,13360462.0
6327,38725010.0
6328,24067030.0
6329,2604708.8
6330,4009236.0
6331,98254570.0
6332,3439364.2
6333,15423784.0
6334,4191868.8
6335,53762504.0
6336,76468504.0
6337,51479980.0
6338,357315.66
6339,31929674.0
6340,3890486.0
6341,4528723.5
6342,28657454.0
6343,42903340.0
6344,55028156.0
6345,4862278.0
6346,134142456.0
6347,61666732.0
6348,61749856.0
6349,46873324.0
6350,3266324.5
6351,133368410.0
6352,70705816.0
6353,5678174.5
6354,1825316.5
6355,1566881.8
6356,29315324.0
6357,20212884.0
6358,4729315.0
6359,13727408.0
6360,7101521.5
6361,237853250.0
6362,11200740.0
6363,23473074.0
6364,7504298.5
6365,240951300.0
6366,42787336.0
6367,16897210.0
6368,34278384.0
6369,741286.1
6370,113988610.0
6371,11639914.0
6372,64416316.0
6373,2683957.0
6374,48419690.0
6375,182464500.0
6376,22214652.0
6377,14045658.0
6378,4753760.0
6379,344811140.0
6380,19056206.0
6381,655400700.0
6382,55509520.0
6383,31673248.0
6384,90604696.0
6385,19834422.0
6386,189014670.0
6387,16355130.0
6388,9919044.0
6389,3201443.5
6390,81879400.0
6391,4952816.0
6392,33090240.0
6393,161691400.0
6394,426433000.0
6395,3973819.8
6396,5460672.0
6397,4341321.0
6398,15955326.0
6399,3553869.8
6400,-2596920.0
6401,1275645.9
6402,37293680.0
6403,4710110.0
6404,48615650.0
6405,3266865.5
6406,5090090.0
6407,13548374.0
6408,33868324.0
6409,109032690.0
6410,13400010.0
6411,2766707.8
6412,26858446.0
6413,30644478.0
6414,610248200.0
6415,2181947.2
6416,13649570.0
6417,76205624.0
6418,41801924.0
6419,21956796.0
6420,61125228.0
6421,67332420.0
6422,3452705.8
6423,34448748.0
6424,60474324.0
6425,52018124.0
6426,11198252.0
6427,3441403.5
6428,2388475.8
6429,30672718.0
6430,78114400.0
6431,201321940.0
6432,146637420.0
6433,42953756.0
6434,14305042.0
6435,113948990.0
6436,29540022.0
6437,14614254.0
6438,40389300.0
6439,21020546.0
6440,111194360.0
6441,17540232.0
6442,19398812.0
6443,89940904.0
6444,-2814559.2
6445,206917150.0
6446,322113820.0
6447,55388010.0
6448,1185953.0
6449,38609050.0
6450,51127764.0
6451,18390970.0
6452,58810550.0
6453,69639870.0
6454,34352130.0
6455,22211390.0
6456,25632204.0
6457,190114140.0
6458,9307682.0
6459,15467966.0
6460,165558270.0
6461,79995030.0
6462,137960980.0
6463,3622817.0
6464,24933946.0
6465,46320950.0
6466,24502068.0
6467,26225760.0
6468,4807555.5
6469,24349096.0
6470,1777668.4
6471,7471919.5
6472,24883838.0
6473,30205240.0
6474,14717358.0
6475,7718211.5
6476,315161920.0
6477,42815284.0
6478,15830818.0
6479,355561060.0
6480,66534100.0
6481,63102356.0
6482,3080626.5
6483,11121598.0
6484,200800500.0
6485,124073190.0
6486,1707621.2
6487,89970470.0
6488,52646990.0
6489,12013216.0
6490,12017876.0
6491,21994666.0
6492,17387598.0
6493,37624604.0
6494,143082660.0
6495,9490222.0
6496,339067040.0
6497,281293470.0
6498,57128976.0
6499,17558538.0
6500,8525568.0
6501,-1828357.1
6502,80248050.0
6503,37153160.0
6504,8502232.0
6505,16065548.0
6506,16314496.0
6507,22535466.0
6508,113030296.0
6509,1019650.5
6510,10129700.0
6511,14566626.0
6512,18460502.0
6513,22145280.0
6514,11447804.0
6515,451314080.0
6516,73020180.0
6517,5415936.0
6518,20254868.0
6519,56466670.0
6520,15015964.0
6521,333496200.0
6522,114183624.0
6523,42256990.0
6524,25381626.0
6525,134057020.0
6526,235424860.0
6527,1905188.2
6528,14290110.0
6529,24513136.0
6530,67903720.0
6531,4088962.2
6532,32104072.0
6533,2891891.0
6534,783309400.0
6535,11764224.0
6536,41725536.0
6537,67645610.0
6538,32860738.0
6539,159243280.0
6540,179390270.0
6541,79339170.0
6542,29742730.0
6543,-503381.78
6544,22847034.0
6545,23514018.0
6546,442302750.0
6547,1039094.4
6548,36899400.0
6549,77090080.0
6550,30808692.0
6551,105704390.0
6552,18911922.0
6553,155358.73
6554,36139980.0
6555,64015040.0
6556,29073320.0
6557,19129260.0
6558,42917420.0
6559,97894190.0
6560,352148000.0
6561,-951949.25
6562,101017600.0
6563,13553652.0
6564,17785174.0
6565,27075040.0
6566,67916060.0
6567,25939424.0
6568,28127576.0
6569,3972789.0
6570,96931560.0
6571,11727530.0
6572,6944602.5
6573,9740798.0
6574,28484640.0
6575,10002376.0
6576,13426768.0
6577,7175605.0
6578,31959676.0
6579,21584986.0
6580,42777550.0
6581,83432776.0
6582,1707706.6
6583,20719958.0
6584,1868621.4
6585,61996780.0
6586,48477116.0
6587,41112250.0
6588,13899214.0
6589,44607280.0
6590,200290660.0
6591,23054584.0
6592,112227360.0
6593,50878336.0
6594,59788396.0
6595,4754504.5
6596,213602380.0
6597,2152345.5
6598,20561540.0
6599,16997036.0
6600,34004964.0
6601,105130216.0
6602,544915460.0
6603,37553156.0
6604,27098788.0
6605,108817416.0
6606,4601461.5
6607,44971456.0
6608,2449692.0
6609,1374253.6
6610,20556096.0
6611,7855155.5
6612,917124350.0
6613,40950276.0
6614,267586830.0
6615,8109459.5
6616,215650660.0
6617,67300480.0
6618,78030330.0
6619,10048542.0
6620,10982394.0
6621,67426720.0
6622,120463710.0
6623,341745200.0
6624,133751280.0
6625,94849730.0
6626,82338130.0
6627,136438260.0
6628,3096019.5
6629,29135284.0
6630,11450598.0
6631,1382209.8
6632,4680786.0
6633,8592398.0
6634,13023562.0
6635,9593904.0
6636,228968560.0
6637,70779576.0
6638,4682716.5
6639,12347432.0
6640,21529790.0
6641,216999220.0
6642,196461140.0
6643,5841630.0
6644,5690564.5
6645,52846720.0
6646,67487620.0
6647,1698076.4
6648,36993376.0
6649,2390871.2
6650,8210181.0
6651,35643276.0
6652,9898216.0
6653,38526176.0
6654,127332320.0
6655,33404304.0
6656,27599908.0
6657,102730920.0
6658,6183006.5
6659,4145421.8
6660,2307363.0
6661,2678921.2
6662,17831676.0
6663,346902560.0
6664,2021315.1
6665,4683310.0
6666,22349608.0
6667,143817280.0
6668,45814812.0
6669,37624572.0
6670,4511299.5
6671,26518428.0
6672,13265372.0
6673,79865420.0
6674,522488320.0
6675,67671540.0
6676,9739890.0
6677,1256771.6
6678,3930026.0
6679,461315040.0
6680,64112436.0
6681,506066460.0
6682,43006910.0
6683,56700804.0
6684,-416978.4
6685,10909660.0
6686,25220042.0
6687,72123330.0
6688,18826612.0
6689,29756644.0
6690,280412640.0
6691,16904386.0
6692,795935550.0
6693,53621524.0
6694,80690390.0
6695,27275408.0
6696,96906790.0
6697,-2335056.8
6698,10562142.0
6699,321750900.0
6700,185111820.0
6701,81278610.0
6702,55950720.0
6703,25980464.0
6704,14035854.0
6705,50844292.0
6706,47492130.0
6707,39503516.0
6708,56503820.0
6709,7843984.0
6710,102662940.0
6711,39919024.0
6712,109688520.0
6713,4222097.5
6714,5399770.5
6715,9529282.0
6716,58162990.0
6717,403915700.0
6718,31427602.0
6719,21221006.0
6720,6819100.5
6721,77824880.0
6722,1829360.0
6723,101914440.0
6724,29549032.0
6725,8875060.0
6726,58920300.0
6727,28118452.0
6728,11047828.0
6729,20542962.0
6730,69974290.0
6731,2244245.8
6732,17274256.0
6733,111520580.0
6734,10740052.0
6735,156664850.0
6736,1589415.9
6737,8140171.5
6738,11531576.0
6739,15197106.0
6740,2016510.1
6741,5624676.5
6742,22146374.0
6743,86641320.0
6744,25532544.0
6745,10399812.0
6746,55085612.0
6747,16765284.0
6748,1462307.4
6749,8169705.5
6750,310286.28
6751,16841786.0
6752,78318240.0
6753,44785532.0
6754,74203130.0
6755,7752406.0
6756,189030930.0
6757,70255370.0
6758,11054630.0
6759,111443030.0
6760,30203372.0
6761,29412988.0
6762,2068526.5
6763,108897490.0
6764,9665958.0
6765,169689660.0
6766,1544079.0
6767,21410978.0
6768,172739940.0
6769,34024292.0
6770,34439390.0
6771,19674512.0
6772,28814980.0
6773,34655896.0
6774,305248830.0
6775,266996210.0
6776,1674039.6
6777,35470460.0
6778,68257750.0
6779,29653852.0
6780,75125624.0
6781,21522308.0
6782,157367310.0
6783,30830066.0
6784,25866164.0
6785,46097560.0
6786,1496724.2
6787,23974884.0
6788,3804934.8
6789,1360455.8
6790,5601562.5
6791,79344040.0
6792,548192300.0
6793,62878790.0
6794,24487408.0
6795,13071876.0
6796,790202800.0
6797,41904470.0
6798,44037144.0
6799,22245210.0
6800,146277400.0
6801,463447140.0
6802,22432704.0
6803,218699620.0
6804,28900154.0
6805,39135224.0
6806,20287706.0
6807,41542764.0
6808,7461754.5
6809,25120284.0
6810,24295862.0
6811,68967390.0
6812,48083356.0
6813,129415704.0
6814,12848932.0
6815,4900981.0
6816,8734326.0
6817,1767740.5
6818,10627684.0
6819,69915440.0
6820,62308876.0
6821,30031608.0
6822,23453600.0
6823,94228780.0
6824,203553420.0
6825,36268280.0
6826,13739080.0
6827,11560988.0
6828,2151300.8
6829,7192776.5
6830,15804560.0
6831,68051060.0
6832,40145660.0
6833,11393490.0
6834,5834091.5
6835,92003980.0
6836,4012732.0
6837,273712500.0
6838,11670750.0
6839,12787474.0
6840,23487766.0
6841,25800262.0
6842,14668982.0
6843,29608442.0
6844,224689680.0
6845,61104950.0
6846,37262940.0
6847,2423004.8
6848,12070052.0
6849,15561246.0
6850,86940790.0
6851,162053360.0
6852,7128387.0
6853,29693368.0
6854,21194072.0
6855,59825588.0
6856,4649662.0
6857,30512068.0
6858,13906968.0
6859,36074108.0
6860,14992640.0
6861,22784004.0
6862,39467076.0
6863,177424980.0
6864,4327036.5
6865,7270103.5
6866,124455950.0
6867,28950174.0
6868,1119168600.0
6869,38622784.0
6870,4242956.5
6871,43618576.0
6872,6991347.0
6873,30601816.0
6874,60891788.0
6875,8156327.5
6876,43856424.0
6877,18592524.0
6878,3482299.8
6879,24742004.0
6880,6064782.5
6881,37567732.0
6882,78175470.0
6883,67392590.0
6884,36313400.0
6885,11824456.0
6886,1277909.0
6887,49407976.0
6888,134601340.0
6889,9308724.0
6890,44485070.0
6891,34475640.0
6892,385397500.0
6893,244552400.0
6894,25730760.0
6895,10062592.0
6896,6156857.5
6897,1495521.8
6898,17768770.0
6899,12452668.0
6900,66448932.0
6901,34025170.0
6902,6230549.0
6903,67020644.0
6904,194577230.0
6905,70803920.0
6906,152665330.0
6907,26682516.0
6908,24092228.0
6909,7153707.0
6910,9085146.0
6911,7817412.0
6912,19784062.0
6913,740278340.0
6914,368671800.0
6915,85275780.0
6916,21496710.0
6917,871033660.0
6918,29350910.0
6919,7066459.5
6920,130544580.0
6921,247088450.0
6922,15352012.0
6923,10038996.0
6924,26009830.0
6925,25005748.0
6926,38032470.0
6927,468603.1
6928,40864296.0
6929,88445290.0
6930,196422540.0
6931,13851234.0
6932,11195794.0
6933,21629792.0
6934,154638190.0
6935,-950104.25
6936,15196428.0
6937,327243780.0
6938,8750442.0
6939,7050048.5
6940,173814750.0
6941,74217850.0
6942,36774836.0
6943,14849262.0
6944,148799730.0
6945,22316556.0
6946,123011410.0
6947,20804758.0
6948,15074082.0
6949,81224400.0
6950,328495500.0
6951,-231978.75
6952,39696384.0
6953,28351276.0
6954,17693446.0
6955,89283800.0
6956,5621654.0
6957,18597016.0
6958,-543626.0
6959,5134911.5
6960,52984490.0
6961,44056572.0
6962,152677860.0
6963,17103460.0
6964,42805520.0
6965,12216572.0
6966,69563690.0
6967,70103130.0
6968,5760652.5
6969,3026132.0
6970,22669016.0
6971,160749700.0
6972,-779421.9
6973,50528276.0
6974,97656320.0
6975,45573896.0
6976,34084276.0
6977,-638693.44
6978,10730874.0
6979,135279170.0
6980,21577374.0
6981,12661272.0
6982,47112296.0
6983,7863791.0
6984,99481210.0
6985,280987600.0
6986,36956760.0
6987,10409702.0
6988,28399956.0
6989,8794718.0
6990,358999420.0
6991,12861714.0
6992,9479270.0
6993,11885086.0
6994,1527931.6
6995,49433760.0
6996,102796910.0
6997,-1385330.1
6998,12926606.0
6999,66420336.0
7000,6745180.5
7001,4964573.0
7002,12670866.0
7003,33359790.0
7004,53289784.0
7005,6971471.0
7006,4327892.0
7007,17050306.0
7008,103742340.0
7009,10125816.0
7010,10972166.0
7011,9023604.0
7012,17857758.0
7013,9167884.0
7014,347149.88
7015,219645740.0
7016,283771000.0
7017,18650782.0
7018,18097090.0
7019,122313016.0
7020,50622800.0
7021,37821210.0
7022,29154696.0
7023,64132148.0
7024,6156051.0
7025,15074098.0
7026,304403200.0
7027,96009224.0
7028,11121982.0
7029,46142760.0
7030,75919464.0
7031,73558360.0
7032,15918858.0
7033,5559970.5
7034,7837889.5
7035,25305742.0
7036,2780295.5
7037,23496418.0
7038,13915096.0
7039,72964140.0
7040,31866224.0
7041,51428924.0
7042,68167850.0
7043,2693328.2
7044,35360340.0
7045,13232280.0
7046,93590530.0
7047,322700130.0
7048,26450222.0
7049,42072170.0
7050,1379035.6
7051,15392130.0
7052,95209190.0
7053,28170652.0
7054,60687150.0
7055,121741530.0
7056,327329500.0
7057,14668356.0
7058,10467744.0
7059,17476120.0
7060,31793126.0
7061,13038310.0
7062,52520020.0
7063,1635739.6
7064,157481280.0
7065,57784956.0
7066,6048961.5
7067,1381755.5
7068,59350624.0
7069,13539474.0
7070,91672920.0
7071,251897040.0
7072,3274777.0
7073,48225468.0
7074,6164312.5
7075,43235084.0
7076,118801176.0
7077,25753810.0
7078,72746740.0
7079,7250766.5
7080,13314232.0
7081,12376566.0
7082,7711080.0
7083,2506556.2
7084,27427764.0
7085,11356196.0
7086,9871154.0
7087,183661870.0
7088,87374104.0
7089,6103489.5
7090,16230108.0
7091,24115828.0
7092,437018940.0
7093,70402370.0
7094,67063144.0
7095,-378946.88
7096,155689020.0
7097,146049950.0
7098,35513650.0
7099,75820950.0
7100,17155774.0
7101,94997380.0
7102,5086723.5
7103,9675024.0
7104,16491988.0
7105,46151052.0
7106,46084656.0
7107,56583676.0
7108,7091628.0
7109,53887868.0
7110,2868028.5
7111,12048792.0
7112,223860290.0
7113,151597460.0
7114,17598212.0
7115,39816130.0
7116,30500926.0
7117,-44393.14
7118,34373364.0
7119,28725450.0
7120,2629215.0
7121,14032240.0
7122,-1999598.5
7123,6607638.0
7124,651462800.0
7125,80861910.0
7126,400593500.0
7127,51107144.0
7128,5978302.0
7129,6033576.5
7130,14590710.0
7131,24498346.0
7132,80753910.0
7133,125023800.0
7134,55960012.0
7135,85314810.0
7136,37766970.0
7137,31945540.0
7138,27866164.0
7139,1216316.9
7140,148494000.0
7141,519087.94
7142,19397520.0
7143,92754584.0
7144,1845788.4
7145,36438964.0
7146,2180064.8
7147,83840030.0
7148,33406054.0
7149,7518331.0
7150,18668510.0
7151,25948740.0
7152,93802730.0
7153,931633.5
7154,63747988.0
7155,268748220.0
7156,13253882.0
7157,82985020.0
7158,4590445.5
7159,5590723.0
7160,3692920.8
7161,65426828.0
7162,217582420.0
7163,46042628.0
7164,46027.938
7165,184915840.0
7166,20652042.0
7167,3370015.8
7168,2977046.2
7169,26780458.0
7170,25856228.0
7171,60572396.0
7172,33329508.0
7173,25071700.0
7174,5632216.0
7175,14837530.0
7176,71734210.0
7177,122976104.0
7178,26437962.0
7179,53376844.0
7180,12461260.0
7181,12346768.0
7182,82643300.0
7183,6802386.0
7184,1270033400.0
7185,41597976.0
7186,28636530.0
7187,58823204.0
7188,55339190.0
7189,36036976.0
7190,14942284.0
7191,1835656.8
7192,38831900.0
7193,26562814.0
7194,348939870.0
7195,35254520.0
7196,36570064.0
7197,17755298.0
7198,66006776.0
7199,30029964.0
7200,86189000.0
7201,7593085.5
7202,33999380.0
7203,123107.11
7204,63358012.0
7205,274294180.0
7206,129281370.0
7207,347150940.0
7208,38366810.0
7209,15018350.0
7210,4510829.5
7211,-231465.48
7212,24006630.0
7213,44563524.0
7214,208843500.0
7215,76723160.0
7216,157259070.0
7217,5620350.0
7218,41342656.0
7219,34989376.0
7220,71930110.0
7221,18908950.0
7222,218850750.0
7223,13811806.0
7224,8518986.0
7225,495650.16
7226,63779788.0
7227,101716180.0
7228,13152194.0
7229,52457812.0
7230,12446954.0
7231,27268894.0
7232,348593860.0
7233,231238600.0
7234,277059870.0
7235,38491990.0
7236,147287020.0
7237,20194390.0
7238,10326760.0
7239,988858430.0
7240,75862950.0
7241,179776080.0
7242,92800320.0
7243,13575818.0
7244,30304008.0
7245,3591644.2
7246,22880008.0
7247,74871780.0
7248,78411960.0
7249,8088592.5
7250,4610043.0
7251,61420412.0
7252,29392080.0
7253,25107394.0
7254,76897500.0
7255,573214.94
7256,28290638.0
7257,33690108.0
7258,72101256.0
7259,38521610.0
7260,539101.75
7261,554985900.0
7262,169116.06
7263,81424690.0
7264,7199798.5
7265,8657248.0
7266,42743476.0
7267,546350.6
7268,7685418.5
7269,75377930.0
7270,147347940.0
7271,1459361.8
7272,27390422.0
7273,4751788.0
7274,16803804.0
7275,27713992.0
7276,5826737.0
7277,194141600.0
7278,168250340.0
7279,211232640.0
7280,82099390.0
7281,43695380.0
7282,41388028.0
7283,103411040.0
7284,-455803.34
7285,71567224.0
7286,216235600.0
7287,7768163.5
7288,10295170.0
7289,74626210.0
7290,26644622.0
7291,26434744.0
7292,4919253.0
7293,41146750.0
7294,16712128.0
7295,59941330.0
7296,1474031.2
7297,42997484.0
7298,5838895.0
7299,6147806.5
7300,342595.25
7301,57303976.0
7302,2619949.8
7303,-1594916.5
7304,22038888.0
7305,18557330.0
7306,348676400.0
7307,638089.0
7308,8494964.0
7309,51257544.0
7310,9341360.0
7311,23769766.0
7312,124943640.0
7313,199578560.0
7314,10199298.0
7315,13289134.0
7316,16379908.0
7317,15541434.0
7318,82331960.0
7319,1526997.4
7320,303287420.0
7321,6102973.5
7322,5745036.5
7323,60670040.0
7324,17757902.0
7325,260173280.0
7326,254062320.0
7327,4564722.0
7328,90662290.0
7329,77377550.0
7330,276901540.0
7331,132309670.0
7332,50923852.0
7333,113442520.0
7334,26995666.0
7335,43471860.0
7336,116384376.0
7337,13312956.0
7338,62181692.0
7339,57467396.0
7340,8240516.5
7341,3442443.8
7342,76856790.0
7343,7218442.5
7344,13525544.0
7345,11282316.0
7346,8470958.0
7347,24905304.0
7348,18282080.0
7349,91280696.0
7350,18820982.0
7351,30008016.0
7352,994942.4
7353,15906742.0
7354,826765.44
7355,49058228.0
7356,60592824.0
7357,11413200.0
7358,20997972.0
7359,83296744.0
7360,57161844.0
7361,599759.9
7362,148466020.0
7363,869577500.0
7364,5005079.5
7365,54969696.0
7366,41238590.0
7367,9446022.0
7368,48861576.0
7369,26051108.0
7370,50903710.0
7371,3166564.8
7372,86048800.0
7373,423191300.0
7374,41576140.0
7375,76753224.0
7376,1036061.9
7377,14984088.0
7378,98301930.0
7379,87355690.0
7380,31333564.0
7381,5032989.0
7382,15174764.0
7383,567060.75
7384,20434392.0
7385,54527628.0
7386,70784610.0
7387,1693687.6
7388,10936114.0
7389,-676195.25
7390,5006016.0
7391,11385658.0
7392,16088980.0
7393,369658430.0
7394,102259110.0
7395,42783550.0
7396,44688260.0
7397,149329580.0
7398,6800964.0
