id,revenue
3001,78535235.03
3002,5409846.05
3003,29300616.466666665
3004,22503346.623333335
3005,1421488.4033333333
3006,17737463.716666665
3007,1171232.0433333332
3008,77927537.62333333
3009,44429637.346666664
3010,211198478.48
3011,391931.48
3012,1316187.31
3013,95787905.67666666
3014,181676.59333333332
3015,32148954.676666666
3016,320302.9866666667
3017,99505265.01
3018,180433465.84333333
3019,28663018.083333332
3020,871605060.8433334
3021,43018519.16
3022,43670654.74333333
3023,1397983.34
3024,38277036.093333334
3025,442417.0466666667
3026,123387126.55
3027,9511807.083333334
3028,43561631.78
3029,171292.56666666668
3030,60261633.97666667
3031,6165522.56
3032,13721131.62
3033,2468172.9
3034,706474.73
3035,7580008.87
3036,17959894.976666667
3037,74355072.77333333
3038,74916762.58
3039,18398932.09
3040,2688788.3766666665
3041,12993641.5
3042,1792303.3633333333
3043,11828476.306666667
3044,6932801.876666667
3045,371752902.23333335
3046,5162442.736666666
3047,17270562.533333335
3048,32812921.67
3049,16790764.093333334
3050,24921898.653333332
3051,1434614.7633333334
3052,52829731.916666664
3053,118579.56666666667
3054,5182039.443333333
3055,81190881.52
3056,1477556.3033333332
3057,169266273.74333334
3058,941628669.7733333
3059,1936553.95
3060,112786070.42
3061,75759878.2
3062,72328485.94333333
3063,87878692.86333333
3064,90537821.59
3065,70272137.30666667
3066,141840257.58333334
3067,3525066.57
3068,56576714.27333333
3069,304353200.02
3070,5612959.383333334
3071,5310373.0633333335
3072,749890309.0933334
3073,1415105.07
3074,3056516.1266666665
3075,21119058.916666668
3076,158364011.63666666
3077,84691354.43
3078,117168380.92333333
3079,77389483.38666667
3080,136238998.49
3081,93036901.57333334
3082,12677174.546666667
3083,4553634.0633333335
3084,1978348.1933333334
3085,7179526.443333333
3086,120726694.06666666
3087,72204.18333333333
3088,325852.57666666666
3089,488494.8233333333
3090,31546123.653333332
3091,20389079.56
3092,8983831.53
3093,207747737.03666666
3094,166524061.35
3095,26545393.73
3096,1771212.0233333334
3097,947000808.76
3098,17564352.36
3099,76220094.88
3100,5714393.0633333335
3101,19333035.156666666
3102,5275528.3133333335
3103,1171576.5233333334
3104,1809690.6
3105,131484669.68333334
3106,72710654.89
3107,36564252.77666666
3108,20467791.886666667
3109,19175306.086666666
3110,669917242.32
3111,2315712.76
3112,410126.2266666667
3113,18047137.98666667
3114,7911438.976666667
3115,17349046.95
3116,23893094.656666666
3117,226817.33666666667
3118,5015976.11
3119,209485854.76666668
3120,300801564.06
3121,3946764.6333333333
3122,9429673.59
3123,57762751.02666666
3124,788946.1566666666
3125,665797.55
3126,127055920.92333333
3127,17108192.463333335
3128,44003191.14666667
3129,216864992.54
3130,29452441.346666668
3131,3251281.8866666667
3132,3967198.9166666665
3133,4017580.83
3134,19532043.886666667
3135,1097254.3366666667
3136,7399549.1866666665
3137,217415588.02
3138,541241.0766666667
3139,33277644.81
3140,133456865.04
3141,19539232.97
3142,1241300.56
3143,211997500.29
3144,13944112.2
3145,216808740.03
3146,2406707.24
3147,17890679.37
3148,689676.5866666667
3149,57762289.24
3150,42224345.62
3151,13333420.09
3152,13567954.976666667
3153,7578269.033333333
3154,11020536.48
3155,40459005.74
3156,8548985.96
3157,20698309.726666667
3158,99889143.46333334
3159,12948092.556666667
3160,21714987.01
3161,63932.66333333333
3162,3881083.52
3163,145590496.16666666
3164,6597142.52
3165,685172.56
3166,1641639.62
3167,68052283.75
3168,2454998.86
3169,49568522.92333333
3170,21413790.766666666
3171,81944506.94333333
3172,52525645.74333333
3173,313171.58666666667
3174,2433401.006666667
3175,17051531.48666667
3176,16931190.39666667
3177,70445670.17
3178,4779454.546666667
3179,16252420.616666667
3180,8289408.286666667
3181,723425.9666666667
3182,468568989.78
3183,20930203.406666666
3184,41533878.443333335
3185,75291068.88
3186,66676604.33
3187,13258914.486666666
3188,15098569.106666667
3189,72253965.32
3190,55300474.73
3191,21001102.066666666
3192,18917996.32
3193,476449319.3333333
3194,74603382.94333333
3195,95897.83666666667
3196,9616902.256666666
3197,38533880.14
3198,147491412.96
3199,264453938.72
3200,11351793.213333333
3201,3963307.2466666666
3202,15842412.783333333
3203,1670114.6866666668
3204,2061603.2066666668
3205,1269895.3633333333
3206,28453631.266666666
3207,36005730.03666667
3208,4477010.1033333335
3209,5669852.666666667
3210,304828924.14666665
3211,673026.38
3212,35839805.27333333
3213,194487886.58666667
3214,11442685.256666666
3215,3155126.9566666665
3216,3627263.26
3217,443402625.81333333
3218,7686161.523333333
3219,3957818.4066666667
3220,525828935.43333334
3221,10145848.983333332
3222,5708189.44
3223,21396829.99
3224,6029687.3
3225,9545299.836666666
3226,1402834.1166666667
3227,84013135.87666667
3228,156781712.65666667
3229,109124910.26
3230,16022242.526666667
3231,39976025.77
3232,22407817.32
3233,1633503.5566666666
3234,16880907.97
3235,92280227.56666666
3236,626498.0533333333
3237,16882116.42
3238,3655682.0366666666
3239,500012.2133333333
3240,267964146.38
3241,2607894.72
3242,12109795.763333334
3243,4723738.083333333
3244,1623560.7033333334
3245,1230358.6666666667
3246,77336320.85333334
3247,35615228.736666664
3248,59816463.02666666
3249,13383554.77
3250,365083945.82666665
3251,2332878.6333333333
3252,22518067.61
3253,41964612.60666667
3254,1953437.68
3255,91167.04666666666
3256,27173362.176666666
3257,14502753.216666667
3258,190572392.39333335
3259,26942904.266666666
3260,1346895.6333333333
3261,658697774.71
3262,21318965.94
3263,1662504.2433333334
3264,458801.64
3265,376944.75
3266,451873.4733333333
3267,20707777.793333333
3268,542879.0533333333
3269,32942313.26
3270,107597962.69666667
3271,5469785.65
3272,3755823.6133333333
3273,16908012.576666668
3274,594706118.5666667
3275,53055677.96
3276,4068477.6666666665
3277,10914785.69
3278,103993164.14
3279,41069700.11
3280,596289471.11
3281,509707.80333333334
3282,3656829.43
3283,243050458.58666667
3284,43157027.086666666
3285,69125420.83666667
3286,475690.84
3287,5363828.983333333
3288,20159768.376666665
3289,51187045.79
3290,100178469.35
3291,141256383.6
3292,184505123.53
3293,97906775.54666667
3294,3894890.39
3295,9822812.393333333
3296,5229273.643333334
3297,5408307.74
3298,113786226.81666666
3299,7389944.41
3300,45692847.61
3301,146214.74666666667
3302,18799746.99
3303,3343783.77
3304,10073736.916666666
3305,71517175.75333333
3306,520100.76666666666
3307,49351552.94
3308,8371469.64
3309,4993488.033333333
3310,6393971.583333333
3311,50988813.60333333
3312,10069382.803333333
3313,112144916.44666667
3314,23378163.21
3315,119143829.42
3316,10163814.076666666
3317,3650825.0166666666
3318,1451544.1633333333
3319,8054697.536666667
3320,24881595.92
3321,8316293.183333334
3322,6066105.75
3323,279795900.31333333
3324,9546375.846666666
3325,101760696.86666666
3326,186548561.87333333
3327,55970390.61666667
3328,19261858.39
3329,10533030.93
3330,156285592.27333334
3331,1966897.9033333333
3332,55868371.81666667
3333,355950766.0566667
3334,8124072.12
3335,47513760.236666664
3336,7105798.12
3337,209674.40333333332
3338,21395649.93
3339,1852726.8633333333
3340,217536790.25666666
3341,36385739.403333336
3342,54065187.78
3343,61268108.346666664
3344,447169.0833333333
3345,2541745.783333333
3346,29030520.16
3347,88524.36666666667
3348,28667421.043333333
3349,37529704.02333333
3350,214126184.67666668
3351,50176529.406666666
3352,5603946.413333333
3353,101399826.93333334
3354,11201278.866666667
3355,1877340.35
3356,21748263.566666666
3357,1792423.3333333333
3358,15618228.16
3359,26226993.213333335
3360,18224884.21
3361,120209124.36
3362,12481180.11
3363,7273320.626666667
3364,16548754.596666666
3365,1790257.0366666666
3366,168475017.43
3367,144986018.57666665
3368,740862.0333333333
3369,71744891.25666666
3370,28121022.756666668
3371,31897520.12
3372,94298388.33666667
3373,69977186.28333333
3374,14758188.483333332
3375,43245065.22666667
3376,11935203.803333333
3377,8842904.103333334
3378,16449054.283333333
3379,189908913.22666666
3380,46127625.96333333
3381,7144739.1
3382,857436.3366666667
3383,1407515.5033333334
3384,23659052.173333332
3385,189600038.98333332
3386,2150070.92
3387,620981.1533333333
3388,147265664.48666668
3389,1269205522.1566668
3390,16904694.32
3391,5338710.48
3392,7866349.99
3393,797705.8
3394,184994197.64333335
3395,157988025.54666665
3396,13269582.01
3397,30035.79
3398,257418122.62333333
3399,92518570.98333333
3400,18484396.253333334
3401,1875378.58
3402,1064536.3733333333
3403,249619219.46666667
3404,20550001.676666666
3405,30057368.14666667
3406,179708833.26
3407,280588272.16
3408,25471367.323333334
3409,313486.74
3410,21837869.843333334
3411,74598890.36
3412,13865551.246666666
3413,74196497.81
3414,19799346.05
3415,19497754.426666666
3416,116991685.14333333
3417,73329986.28666666
3418,68109043.07666667
3419,279888899.8233333
3420,1760133.18
3421,23915411.883333333
3422,7141445.826666667
3423,509221270.17
3424,299033.0466666667
3425,16177231.736666666
3426,20402985.82
3427,23433077.143333334
3428,6573228.39
3429,54720448.97666667
3430,1110152420.7366667
3431,1857965.4066666667
3432,8956024.023333333
3433,10047873.543333333
3434,21781041.03
3435,305025772.88666666
3436,207214497.32666665
3437,25362229.773333333
3438,25365240.126666665
3439,77203454.68
3440,33018010.773333333
3441,106554288.28
3442,2178796.32
3443,3267827.533333333
3444,494532.75
3445,75949676.35
3446,1564051.3933333333
3447,16506117.126666667
3448,38345504.34
3449,8909118.143333333
3450,78751481.95
3451,74341432.01
3452,29737569.476666667
3453,76613819.77
3454,14811270.996666666
3455,12726504.6
3456,192173685.08333334
3457,28845500.286666665
3458,9364703.093333334
3459,766604093.8566667
3460,17344808.473333333
3461,13225842.053333333
3462,12798358.196666667
3463,48608007.76
3464,706913.0366666666
3465,51432894.22333334
3466,36222228.85333333
3467,14854938.27
3468,210352210.78
3469,34478313.03
3470,575034.6333333333
3471,37490106.42
3472,1169903.3733333333
3473,76405197.54333334
3474,32076000.756666668
3475,304707500.96666664
3476,10071364.906666666
3477,38442451.626666665
3478,7814118.403333333
3479,228789424.42333335
3480,14169626.753333334
3481,14217603.133333333
3482,1402948.8666666667
3483,2147078.263333333
3484,2571819.15
3485,118821165.44666667
3486,153252670.56333333
3487,48930392.63
3488,195196414.71
3489,24021676.086666666
3490,22778822.903333332
3491,24166193.64666667
3492,5757362.833333333
3493,24245133.86
3494,3173885.066666667
3495,143488171.79666665
3496,4503262.5
3497,25387968.616666667
3498,1043419.64
3499,28800133.576666668
3500,2345753.566666667
3501,162809901.82666665
3502,87989100.18666667
3503,21658432.63
3504,114651031.1
3505,2745579.59
3506,108656329.78
3507,178393844.79
3508,12679875.313333333
3509,16286616.623333333
3510,23553461.076666668
3511,84989606.96666667
3512,250791338.60666665
3513,15962626.69
3514,18480787.9
3515,698854.5666666667
3516,77027488.94
3517,932121561.31
3518,18201701.476666667
3519,8195775.49
3520,2295876.39
3521,1520211.52
3522,20115161.43
3523,17805860.023333333
3524,94385427.35333334
3525,382684992.81333333
3526,60465607.89
3527,89726482.77333333
3528,1929179.7633333334
3529,713886314.3466667
3530,113458258.92666666
3531,38887973.35
3532,209628599.54
3533,24956029.606666666
3534,44872707.986666664
3535,244198251.26
3536,14161240.003333334
3537,88491774.27666667
3538,49478631.78333333
3539,32819843.826666668
3540,33793464.343333334
3541,17455497.73
3542,11094593.24
3543,310217.92
3544,32178104.69333333
3545,105073.37333333334
3546,4812769.65
3547,234094124.50333333
3548,805128850.72
3549,4141241.9633333334
3550,402417077.47
3551,279235332.47333336
3552,169681464.07666665
3553,29986183.866666667
3554,214642660.76333332
3555,147497461.72
3556,8520168.106666667
3557,10392616.116666667
3558,231162224.07
3559,42980755.46666667
3560,14829632.25
3561,90195459.06666666
3562,1793762.6066666667
3563,9119177.313333333
3564,1001817.3566666667
3565,10024424.08
3566,83870976.80666667
3567,9515847.556666667
3568,5915226.773333333
3569,178916738.86333334
3570,2391382.526666667
3571,43172117.22
3572,214363450.76666668
3573,6845744.906666666
3574,12839546.886666667
3575,3915481.493333333
3576,20036340.606666666
3577,7058247.55
3578,249138002.39666668
3579,47930228.93666667
3580,57066699.266666666
3581,7534949.516666667
3582,96242807.38333334
3583,489258.2
3584,29354130.876666665
3585,46659225.29
3586,44569262.666666664
3587,46623603.78333333
3588,585538.4533333334
3589,23146104.546666667
3590,32619903.04
3591,774334124.3133334
3592,4858655.91
3593,640482.52
3594,11101859.166666666
3595,14673752.596666666
3596,20546712.623333335
3597,16358680.103333334
3598,28929901.78
3599,17253873.36
3600,12587476.563333333
3601,6015524.0
3602,2318660.37
3603,18191429.33
3604,4322157.38
3605,147027343.54333332
3606,4419244.823333333
3607,88088571.27666667
3608,169081050.58333334
3609,505299.48
3610,26044976.743333332
3611,185493.90333333332
3612,1219551.51
3613,19609362.17
3614,74690988.98
3615,49032759.83
3616,22767429.56
3617,6143376.966666667
3618,140970326.25666666
3619,662912.8533333334
3620,147248856.39
3621,144394513.59333333
3622,603331984.85
3623,48929986.25
3624,375281.83
3625,1678644.3066666666
3626,27181605.746666666
3627,19526485.276666667
3628,291766592.19666666
3629,2804420.99
3630,4621934.183333334
3631,173172536.02666667
3632,28498609.663333334
3633,72291816.36
3634,1066328.8033333332
3635,6644228.61
3636,18805240.266666666
3637,2421676.5433333335
3638,16706824.603333334
3639,169440994.88666666
3640,244155169.74666667
3641,7227005.28
3642,2658599.3266666667
3643,12576879.236666666
3644,4220932.416666667
3645,19433348.793333333
3646,4446516.516666667
3647,56762145.693333335
3648,8052785.943333333
3649,4190892.3633333333
3650,19360684.726666667
3651,700452221.7966666
3652,9544769.733333332
3653,355359831.44
3654,15535242.196666667
3655,12296279.9
3656,33339481.703333333
3657,82522.05333333333
3658,8594059.29
3659,43702568.81
3660,245825120.35333332
3661,44328496.12
3662,52308917.11333334
3663,460601296.3466667
3664,359288.24
3665,269591.14
3666,10690185.553333333
3667,169257911.05666667
3668,30562457.03
3669,1968201.8866666667
3670,78436417.60666667
3671,36130414.27
3672,5851423.83
3673,156564610.24666667
3674,15282255.796666667
3675,584367125.5466666
3676,158987001.31333333
3677,20076744.186666667
3678,43697707.376666665
3679,146197444.24
3680,4413672.683333334
3681,12736408.326666666
3682,186295711.81666666
3683,4222712.833333333
3684,168876796.67666668
3685,97115155.62
3686,9314873.393333333
3687,192173572.87333333
3688,7018518.556666667
3689,296763.11
3690,143345754.31666666
3691,729265.7833333333
3692,3518605.3766666665
3693,148569862.13333333
3694,66609798.89333333
3695,170369400.30333334
3696,58883835.18
3697,28302910.606666666
3698,58147627.63
3699,22222817.08
3700,35430662.22333334
3701,58627656.61333334
3702,242191.74333333335
3703,89087341.74666667
3704,70189536.53
3705,1195816.1033333333
3706,45265988.57666667
3707,1179620.73
3708,6522244.92
3709,217783285.68
3710,53482074.22333334
3711,819629.59
3712,73241811.19666667
3713,23015879.123333335
3714,2808571.8333333335
3715,61902545.373333335
3716,11304914.293333333
3717,180204.11333333334
3718,10194226.433333334
3719,51934756.236666664
3720,10249005.38
3721,1019537.2466666667
3722,95769380.23333333
3723,369752.0233333333
3724,8957146.446666667
3725,44450272.78666667
3726,25189847.673333332
3727,156010269.25
3728,110323852.98666666
3729,26993048.356666666
3730,72419774.11
3731,212774884.9
3732,415798.09
3733,217299568.35
3734,669954247.4166666
3735,11187172.563333333
3736,21195619.403333332
3737,18744935.183333334
3738,482240.9766666667
3739,9607459.866666667
3740,39542121.95333333
3741,4240650.623333333
3742,93352030.88
3743,51577520.86666667
3744,162864869.18
3745,42593324.53
3746,150450372.75333333
3747,557069.0966666667
3748,1096951.35
3749,19488956.466666665
3750,1338694.75
3751,12894432.453333333
3752,1272992.1533333333
3753,11726966.63
3754,39592391.57333333
3755,73401119.07
3756,15169066.993333334
3757,460027878.9766667
3758,156415451.3
3759,8939713.98
3760,175158005.88333333
3761,131039689.56
3762,214426265.95333335
3763,9273755.673333334
3764,29296517.626666665
3765,9805120.313333333
3766,1064430.1566666667
3767,16593843.69
3768,10111185.926666666
3769,2481862.2533333334
3770,12973715.176666666
3771,38655504.51
3772,20180922.016666666
3773,25622096.983333334
3774,16484845.213333333
3775,183464266.01333332
3776,56898719.35666667
3777,817461.7933333333
3778,234189.28
3779,31007294.87
3780,555663.21
3781,15084783.066666666
3782,3745346.8633333333
3783,108330090.85666667
3784,16532774.453333333
3785,439133529.62666667
3786,8078510.173333333
3787,132210537.78
3788,468643635.83
3789,32656110.703333333
3790,591067.16
3791,11239093.89
3792,136950.17666666667
3793,1569269.61
3794,1362126.69
3795,467110312.6933333
3796,5754415.3133333335
3797,13784342.173333334
3798,174461259.13666666
3799,8497082.486666666
3800,1106282.52
3801,93651542.44666667
3802,486459.48
3803,12991919.516666668
3804,241508.03
3805,14644602.206666667
3806,125067051.30666667
3807,2804626.8633333333
3808,1826680.4133333333
3809,44813209.32666667
3810,11129578.026666667
3811,25897463.156666666
3812,7322384.806666667
3813,772013.06
3814,1861274.4266666668
3815,169425680.14
3816,129060356.88666667
3817,220489513.99666667
3818,85723789.66
3819,15300330.29
3820,133718788.26333334
3821,134783552.45333335
3822,11055618.69
3823,21263763.066666666
3824,820633.0433333333
3825,23268319.35
3826,80547790.48333333
3827,332414306.32666665
3828,2830512.8366666664
3829,94600.23666666666
3830,38070051.94
3831,2616753.013333333
3832,155011476.64
3833,35371869.086666666
3834,3543380.683333333
3835,13927773.343333334
3836,1901569.45
3837,23641739.336666666
3838,110325669.38666667
3839,5335135.32
3840,20054207.913333334
3841,19834476.60333333
3842,12647810.226666667
3843,40040122.23
3844,706360.9333333333
3845,63315.706666666665
3846,2203566.9266666668
3847,1468284.56
3848,639337.1233333333
3849,122672632.18666667
3850,23869899.606666666
3851,22489619.153333332
3852,482221.3933333333
3853,99313071.10333334
3854,1063801.4733333334
3855,1224132.1466666667
3856,55919284.983333334
3857,758852796.7633333
3858,98368.47666666667
3859,34900369.553333335
3860,20136707.19333333
3861,36151255.45333333
3862,16757879.57
3863,34213359.46333333
3864,95593967.17
3865,104956156.81
3866,5845155.363333333
3867,113547319.61
3868,6196443.746666667
3869,26020660.436666667
3870,158092664.10666665
3871,837379162.8166667
3872,26882062.493333332
3873,23531483.36
3874,292099.0366666667
3875,65598518.94
3876,1600199.3366666667
3877,79285229.16
3878,281289050.6066667
3879,209913796.98666668
3880,4295380.14
3881,57920.746666666666
3882,5523869.556666667
3883,2884862.966666667
3884,551223564.3933333
3885,8382836.39
3886,44162084.18333333
3887,14687512.226666667
3888,6589985.883333334
3889,20385616.346666668
3890,66769851.13666666
3891,12687989.033333333
3892,5897658.843333334
3893,617300799.4266666
3894,125650137.57
3895,29714870.066666666
3896,25343011.483333334
3897,4642396.213333333
3898,36555529.99333333
3899,833455566.3466667
3900,125294984.02666667
3901,3506351.3433333333
3902,420981.81666666665
3903,11237114.793333333
3904,11070138.306666667
3905,11362362.626666667
3906,212576517.78
3907,12745441.893333333
3908,6912669.06
3909,194668.15666666668
3910,55422785.663333334
3911,1502381.6933333334
3912,9231764.873333333
3913,120128721.55333333
3914,21236403.403333332
3915,208911007.98666668
3916,232524.48333333334
3917,13766916.783333333
3918,4310655.9
3919,43662367.11333334
3920,65034044.696666665
3921,1655650.1133333333
3922,15847905.4
3923,37182919.18
3924,33583937.9
3925,254089900.19333333
3926,2566312.57
3927,51787317.95666666
3928,105883371.35
3929,28489793.156666666
3930,1722121.92
3931,2574299.32
3932,10794793.176666666
3933,10751869.54
3934,60023668.71
3935,326460.4866666667
3936,5260858.196666666
3937,341036985.21
3938,9006597.88
3939,53676870.67666667
3940,1186333.3933333333
3941,16084948.77
3942,281853675.92
3943,947395769.04
3944,43111378.903333336
3945,104344015.59333333
3946,3180917.97
3947,44950512.843333334
3948,10124678.436666667
3949,43755233.11
3950,739224.1566666666
3951,17755425.10333333
3952,27830820.536666665
3953,70256915.40666667
3954,618836603.0333333
3955,20398125.176666666
3956,139222582.12666667
3957,9019632.99
3958,4780962.786666667
3959,12819752.03
3960,3182461.7133333334
3961,76200197.69333333
3962,697358.04
3963,18615830.703333333
3964,1010138009.34
3965,110878533.72333333
3966,22617241.98666667
3967,358411729.1166667
3968,44055236.68666667
3969,25901962.066666666
3970,22385889.303333335
3971,13082683.323333334
3972,34733086.836666666
3973,73326062.70333333
3974,746618.38
3975,134215374.84333333
3976,80235470.09
3977,89133269.5
3978,159297658.08666667
3979,54010629.08
3980,1827457.3666666667
3981,647869.3466666667
3982,11483336.99
3983,17161649.223333333
3984,325394299.6433333
3985,2004438.46
3986,931818650.4633334
3987,22404919.36
3988,3453330.11
3989,103393959.51666667
3990,47450943.06
3991,1286883.0633333332
3992,20015463.91
3993,10861610.266666668
3994,48847497.986666664
3995,19522986.48666667
3996,22675746.546666667
3997,4944641.496666667
3998,120109360.76333334
3999,5525624.616666666
4000,89282040.04
4001,17980932.363333333
4002,248514853.50333333
4003,550506.3566666667
4004,78225196.52666667
4005,2684114.3533333335
4006,25698647.32
4007,423557.74666666664
4008,8548898.013333334
4009,16407768.576666666
4010,2381360.28
4011,15243428.0
4012,206225561.69666666
4013,72631371.59333333
4014,218757.34666666668
4015,35839828.72333334
4016,17806846.296666667
4017,1727150.0133333334
4018,50113058.96
4019,525828935.43333334
4020,15081908.403333334
4021,41798721.00333333
4022,22781736.416666668
4023,208189264.99
4024,78966579.68333334
4025,1150531.87
4026,50792982.38
4027,48963822.85
4028,2132569.8733333335
4029,102701.1
4030,29969632.913333334
4031,121216960.55
4032,542173.9133333333
4033,137610120.99
4034,1414276.75
4035,71775169.49333334
4036,1334530.25
4037,37861812.836666666
4038,7269646.5
4039,35051669.35666667
4040,7021091.433333334
4041,5434596.156666666
4042,41953061.53666667
4043,4726425.81
4044,118933244.98
4045,92977670.89333333
4046,20928342.4
4047,784199915.3266667
4048,8829917.836666666
4049,358969.74
4050,794042.16
4051,613463357.81
4052,15749618.163333334
4053,1633880.2066666668
4054,526970.9733333334
4055,6666552.506666667
4056,5790476.416666667
4057,918813.74
4058,70015516.70666666
4059,1588778.4133333333
4060,45655795.21
4061,200414024.95
4062,22383997.816666666
4063,10836815.81
4064,588701103.9266666
4065,171591445.04333332
4066,10023094.973333333
4067,43202340.55
4068,14856111.283333333
4069,11681524.113333333
4070,38764250.03666667
4071,10742749.016666668
4072,27999519.566666666
4073,163351388.58
4074,2735978.8266666667
4075,16352969.566666666
4076,44583874.88
4077,701006640.54
4078,13117405.973333333
4079,123847825.37666667
4080,4158968.8733333335
4081,8792258.766666668
4082,204166064.37
4083,22442003.866666667
4084,503567.67333333334
4085,14325163.28
4086,164661484.49333334
4087,1281005.3433333333
4088,31799026.563333333
4089,13805286.396666666
4090,5224456.1866666665
4091,137653843.49
4092,99028010.41333333
4093,32096715.216666665
4094,6030699.806666667
4095,128426101.37666667
4096,39509106.596666664
4097,40955927.836666666
4098,4639961.72
4099,13099715.643333333
4100,52199137.74666667
4101,54916509.833333336
4102,6174302.7
4103,50414131.49333333
4104,4473050.336666667
4105,831287.8733333333
4106,13984622.473333333
4107,516058.9866666667
4108,22738683.836666666
4109,405912.11
4110,29583710.56
4111,3582484.046666667
4112,20694940.256666668
4113,2985536.76
4114,637228756.7266667
4115,5394796.75
4116,12745891.01
4117,13138224.09
4118,56668804.5
4119,90962423.96
4120,1602293.4333333333
4121,15368496.056666667
4122,153468082.97
4123,14085356.126666667
4124,29171986.0
4125,17551632.876666665
4126,20215763.706666667
4127,3688991.006666667
4128,17176460.26333333
4129,2000214.08
4130,2830207.7733333334
4131,150065296.9
4132,219793303.10333332
4133,42912981.53
4134,17208924.03
4135,9787751.41
4136,462298170.7366667
4137,13150989.886666667
4138,43203054.95333333
4139,15037743.77
4140,2980145.7866666666
4141,4902189.653333333
4142,50194640.163333334
4143,26503011.23666667
4144,3679345.73
4145,124957480.32666667
4146,2819713.7866666666
4147,147430.89666666667
4148,20145559.696666665
4149,13513512.74
4150,960848.8466666667
4151,3935316.6466666665
4152,30889971.84
4153,92840640.89333333
4154,1794996.62
4155,22934662.423333332
4156,1046050.5833333334
4157,1760030.27
4158,4792669.22
4159,64940578.876666665
4160,527268818.5
4161,21901571.046666667
4162,20002141.666666668
4163,114595248.49333334
4164,5533500.046666667
4165,7071788.776666666
4166,5169219.206666667
4167,100933024.25333333
4168,100884842.2
4169,23057399.793333333
4170,14947714.306666667
4171,122276678.89
4172,102552490.74
4173,12608383.183333334
4174,4332217.83
4175,8075392.673333333
4176,12323861.876666667
4177,228185.49333333335
4178,462686062.6433333
4179,917535.5966666667
4180,145432219.61333334
4181,30840509.713333335
4182,9903908.806666667
4183,39964866.04333334
4184,8363257.1033333335
4185,1309396.8466666667
4186,17246203.326666668
4187,27062401.153333332
4188,10920075.44
4189,9023536.18
4190,315614.6766666667
4191,2741965.3566666665
4192,640510.5833333334
4193,525781641.98
4194,216158215.73666668
4195,13774677.223333333
4196,13822191.03
4197,32128415.436666667
4198,717833.8633333333
4199,31683718.36
4200,125781591.4
4201,88084612.99333334
4202,171965318.68
4203,12273014.136666667
4204,43988811.89666667
4205,2569873.736666667
4206,31990510.56
4207,471093713.65
4208,773090024.6033334
4209,51540679.443333335
4210,100959196.02666667
4211,22569061.76333333
4212,369233263.48333335
4213,1457774.6266666667
4214,19568543.503333334
4215,1886781.8233333332
4216,1903660.3266666667
4217,5877674.736666666
4218,43947222.16
4219,8876739.953333333
4220,22033015.846666668
4221,58484.43666666667
4222,4783985.203333333
4223,99541044.98
4224,3792194.57
4225,45940379.623333335
4226,23154878.916666668
4227,16226867.27
4228,1039815.7266666667
4229,83560085.25666666
4230,22175921.71
4231,3095335.7066666665
4232,41305315.54333334
4233,74243278.41
4234,13740473.89
4235,5389407.533333333
4236,3072192.4633333334
4237,2305822.33
4238,40464315.38666666
4239,236109090.12333333
4240,353640589.55333334
4241,170153798.11666667
4242,21675431.98666667
4243,247872.54333333333
4244,69399800.7
4245,7745982.95
4246,4117331.44
4247,81334043.69
4248,15506473.92
4249,24960455.97
4250,21568599.046666667
4251,352662.96
4252,136538825.62333333
4253,62411869.626666665
4254,100459218.21666667
4255,63879778.31
4256,306540723.13
4257,197670851.73666668
4258,22790098.793333333
4259,4152650.87
4260,162938891.1
4261,1239963.84
4262,1456961.7233333334
4263,6090284.316666666
4264,594523873.47
4265,40514566.70666666
4266,23083116.883333333
4267,31273120.203333333
4268,6879927.833333333
4269,14518954.49
4270,460375942.50666666
4271,72168612.09
4272,648015.33
4273,24256963.78
4274,51184905.64666667
4275,7617365.943333333
4276,35524667.63
4277,31260420.413333334
4278,17745789.786666665
4279,356545358.7366667
4280,420537.8333333333
4281,1898270.24
4282,148230239.36333334
4283,152103.48
4284,40807628.343333334
4285,351398.44666666666
4286,688707100.76
4287,5759424.246666667
4288,56332273.66
4289,118578268.66666667
4290,37373803.56666667
4291,11747904.326666666
4292,1046310.48
4293,1413461.03
4294,137180432.87666667
4295,142608465.02333334
4296,87631592.81333333
4297,120061840.77333333
4298,2471126.42
4299,14088511.056666667
4300,64342370.666666664
4301,7411099.756666667
4302,6272507.713333333
4303,2448630.51
4304,13856115.626666667
4305,99206994.62333333
4306,18887456.453333333
4307,1242179.79
4308,260728.46666666667
4309,96901563.79
4310,800162.4633333334
4311,712455.83
4312,88588939.52666667
4313,335219313.21666664
4314,12200707.076666666
4315,159062940.17
4316,316972516.9433333
4317,2001256.2933333332
4318,24130549.393333334
4319,1117201.2866666666
4320,11905097.32
4321,56380429.37
4322,2223135.4233333333
4323,10665351.693333333
4324,6695434.066666666
4325,5410557.783333333
4326,23152742.89
4327,73829817.03333333
4328,5748066.886666667
4329,2127880.57
4330,1098149057.1366668
4331,35742943.06
4332,77927426.37666667
4333,4737693.726666667
4334,126104929.99666667
4335,70488981.17
4336,78356569.32666667
4337,92751.67
4338,254916552.09333333
4339,165940382.77666667
4340,17253742.63
4341,29848759.5
4342,5096408.556666667
4343,37685396.35
4344,1240047.9133333333
4345,1506860.55
4346,52353755.78333333
4347,47183039.873333335
4348,462925.6666666667
4349,217633239.06333333
4350,13004787.473333333
4351,503030169.8466667
4352,2118924.4
4353,136595923.71666667
4354,24512216.14666667
4355,11938361.143333333
4356,11971466.616666667
4357,165236520.13333333
4358,10100465.933333334
4359,86406777.76333334
4360,103110720.20666666
4361,70956351.82333334
4362,7124093.726666667
4363,28678761.8
4364,45293636.07333333
4365,3464302.93
4366,32371693.833333332
4367,42841721.19
4368,103133777.5
4369,24807281.666666668
4370,102345311.63
4371,136496443.25333333
4372,8138033.916666667
4373,62334983.87
4374,37444484.443333335
4375,1146598.2333333334
4376,124872.83666666667
4377,22060137.196666665
4378,48508072.946666665
4379,120265214.76333334
4380,75538903.95333333
4381,254020796.09
4382,618060134.2166667
4383,229838115.98666668
4384,31418712.516666666
4385,3150399.8866666667
4386,178918767.2
4387,124125644.54333334
4388,31994096.856666666
4389,318750688.9766667
4390,12335668.966666667
4391,2785208.15
4392,99695023.8
4393,46842308.233333334
4394,21050944.63
4395,27944841.183333334
4396,48883505.086666666
4397,35387182.22666667
4398,179371121.39
4399,252381.07666666666
4400,2472023.75
4401,34543884.02333333
4402,7186426.33
4403,19121819.2
4404,48718157.6
4405,19504962.96
4406,405608.75
4407,825398.9233333333
4408,757555.0333333333
4409,155848.59333333332
4410,13879357.206666667
4411,7627524.956666667
4412,55034726.77
4413,33630641.74333333
4414,59399974.18
4415,8758575.046666667
4416,1505847.11
4417,231403300.06
4418,2492440.19
4419,112019860.60333334
4420,549302398.38
4421,2368899.5033333334
4422,6362224.946666666
4423,9572654.18
4424,4920536.88
4425,53759505.71333333
4426,51692837.47666667
4427,42522211.25
4428,1797679.7633333334
4429,15842550.803333333
4430,59502.86666666667
4431,1585863.41
4432,216121422.74333334
4433,242209427.62
4434,463602704.71666664
4435,13842801.646666666
4436,35735967.46666667
4437,6861198.98
4438,2973354.3833333333
4439,11800649.726666667
4440,1532286.1666666667
4441,47953935.513333336
4442,1752672.9566666668
4443,395746.12666666665
4444,3565923.61
4445,5814309.973333334
4446,11980868.233333332
4447,143122235.11666667
4448,126384167.88333334
4449,5563754.306666667
4450,100082543.32666667
4451,690758279.5766667
4452,45154872.95333333
4453,2208371.17
4454,422881.28
4455,6529190.3966666665
4456,97487419.20333333
4457,1982057.72
4458,3981165.21
4459,192308877.82666665
4460,7048773.003333333
4461,124883756.99333334
4462,138035299.54
4463,8660388.516666668
4464,60607901.25
4465,2336802.9833333334
4466,3074611.82
4467,18728347.2
4468,3144848.1533333333
4469,76364769.37666667
4470,18956133.526666667
4471,1066159.5566666666
4472,164491418.41666666
4473,47119800.04
4474,13935168.466666667
4475,1083950.8766666667
4476,2750800.34
4477,67781637.39333333
4478,1105262.1066666667
4479,1408599.0666666667
4480,36593755.48
4481,15221748.07
4482,22205503.7
4483,9239532.67
4484,229540.8
4485,23091477.543333333
4486,10308747.246666666
4487,22477536.28
4488,94070049.21
4489,51380363.58
4490,11920640.793333333
4491,125552095.37333333
4492,9371800.35
4493,8012205.003333333
4494,35431840.66
4495,4024552.8633333333
4496,33444023.16
4497,21134150.066666666
4498,26407503.036666665
4499,1450505.2933333332
4500,48720220.27666666
4501,163569842.19666666
4502,7360358.0633333335
4503,303786847.00333333
4504,9167510.856666667
4505,633037.5066666667
4506,114539732.33333333
4507,3330563.24
4508,539665.6133333333
4509,1145105.3833333333
4510,3671588.77
4511,213377645.21666667
4512,1133270.3133333332
4513,100003641.77333333
4514,16639515.716666667
4515,603292490.8033333
4516,13250781.233333332
4517,3355245.0866666664
4518,278745808.6533333
4519,63036282.75
4520,3456437.27
4521,13999618.003333334
4522,74001916.83
4523,16785977.833333332
4524,16884174.9
4525,10516015.396666666
4526,6631016.706666667
4527,16000017.08
4528,2693654.85
4529,1210244.35
4530,4068169.276666667
4531,2117756.9133333336
4532,12055144.37
4533,26612548.91
4534,631244.1466666666
4535,69489083.23
4536,10577491.356666667
4537,43447523.85
4538,49489732.10333333
4539,1009538.3433333334
4540,65778737.02
4541,3441943.1166666667
4542,85852166.93333334
4543,26478289.203333333
4544,5039610.63
4545,2381677.4366666665
4546,413042.4533333333
4547,1928880.9533333334
4548,163087154.53333333
4549,3044240.8433333333
4550,18669362.506666668
4551,773825923.84
4552,254512626.58666667
4553,9487695.513333334
4554,711002238.7366667
4555,11288606.463333333
4556,29007546.406666666
4557,81733993.40333334
4558,3876319.0866666664
4559,64085561.92333333
4560,71225394.84
4561,19390038.23666667
4562,742483.1233333333
4563,351496617.9633333
4564,2070919.0766666667
4565,1833459.6533333333
4566,67387971.47666667
4567,182655962.68666667
4568,5557062.263333334
4569,10615264.873333333
4570,8774316.153333334
4571,502466.35
4572,24966241.473333333
4573,29183288.446666665
4574,86257.59
4575,2332128.296666667
4576,9922438.556666667
4577,31797938.223333333
4578,39729387.92333333
4579,5926955.133333334
4580,109141151.81333333
4581,2236907.86
4582,66884951.27
4583,128630436.47333333
4584,2005191.8366666667
4585,165223740.41
4586,12719236.106666667
4587,14029217.733333332
4588,199439352.58
4589,8113960.273333333
4590,1401892855.7466667
4591,46430442.653333336
4592,4484434.553333334
4593,482704.8566666667
4594,28698981.2
4595,600166842.6933334
4596,700452221.7966666
4597,11041195.653333334
4598,239848796.64
4599,13230680.776666667
4600,110977069.64666666
4601,49813572.22333334
4602,28274185.08
4603,23114538.68
4604,25205389.58
4605,253133029.71
4606,154244667.97666666
4607,71557652.66666667
4608,19164238.82
4609,17412292.85333333
4610,217985923.47
4611,113448390.81666666
4612,36464789.416666664
4613,37425128.22
4614,21530146.643333334
4615,2409043.66
4616,658452.35
4617,24741099.323333334
4618,12983772.973333333
4619,7876717.736666666
4620,8475501.443333333
4621,388355013.2366667
4622,65616199.736666664
4623,51432500.74666667
4624,1217548.1433333333
4625,6654651.62
4626,13256542.753333334
4627,12471098.95
4628,5147828.46
4629,3905404.5833333335
4630,10551882.916666666
4631,11799313.766666668
4632,2164383.9266666668
4633,6721852.886666667
4634,1048015.7333333333
4635,197815.98333333334
4636,77358786.54
4637,3171348.743333333
4638,4844597.713333333
4639,776714.35
4640,55499978.91
4641,13041251.126666667
4642,18769255.07
4643,75084065.0
4644,1845696.8366666667
4645,16597874.4
4646,449345701.84
4647,3204964.36
4648,6013810.756666667
4649,126500629.15333334
4650,70895594.56666666
4651,47911462.10666667
4652,699690800.1466666
4653,2077194.4966666666
4654,113085023.82333334
4655,75964830.18666667
4656,9066700.13
4657,14847653.99
4658,25320491.433333334
4659,5973349.026666666
4660,6099314.716666667
4661,25819539.916666668
4662,8773018.98
4663,19578231.153333332
4664,2971385.6066666665
4665,31139943.956666667
4666,46659814.95666666
4667,112713277.73
4668,1651993.28
4669,4830088.66
4670,77474283.4
4671,13831575.256666666
4672,105456.65666666666
4673,9077706.783333333
4674,5256951.14
4675,5859427.583333333
4676,22021865.566666666
4677,61583.74
4678,10944946.756666666
4679,132571.13333333333
4680,1256130.9066666667
4681,29570720.82
4682,10911344.17
4683,2310774.466666667
4684,376177.66333333333
4685,49496429.72
4686,2039900.6233333333
4687,9097769.29
4688,123850471.57666667
4689,15310562.283333333
4690,9830730.68
4691,12692807.66
4692,40055556.43666667
4693,13498500.716666667
4694,17614722.086666666
4695,37623020.42333333
4696,48573631.68333333
4697,146615007.46333334
4698,5881713.696666666
4699,959100.3133333334
4700,138157885.54666665
4701,244458830.88666666
4702,13818827.73
4703,24562630.403333332
4704,217226676.43
4705,231198631.14333335
4706,125389004.44
4707,621366.1
4708,19815314.616666667
4709,970729.9733333334
4710,430335148.6
4711,10862652.356666667
4712,1322494.8033333332
4713,193866023.21333334
4714,2699240.5366666666
4715,1705528.3333333333
4716,1524064.33
4717,12109361.116666667
4718,16456009.186666667
4719,122943977.09
4720,11910837.986666666
4721,2110550.44
4722,87902963.57333334
4723,46093753.10666667
4724,158265125.91666666
4725,73613369.92
4726,6594808.176666667
4727,15969701.273333333
4728,19190905.073333334
4729,83613301.19333333
4730,262852.11666666664
4731,53322627.21333333
4732,659493175.9366666
4733,16397030.003333334
4734,244969722.80333334
4735,24454770.713333335
4736,28982230.933333334
4737,67281182.98
4738,2296725.1
4739,47621931.13
4740,696490660.7633333
4741,92783.87333333334
4742,121441878.11666666
4743,268351.80333333334
4744,171330.98
4745,520652118.21666664
4746,34679908.06333333
4747,22674821.083333332
4748,95369258.82666667
4749,14856813.896666666
4750,16910297.153333332
4751,46630879.12
4752,7429374.57
4753,10009497.523333333
4754,1116823850.51
4755,8839205.733333332
4756,42319812.29666667
4757,198608846.53
4758,162272103.07
4759,366351165.23
4760,1034278.2633333333
4761,12989069.41
4762,12703845.416666666
4763,987219.4866666667
4764,520992813.1066667
4765,13458058.676666666
4766,140514506.89666668
4767,28367695.336666666
4768,59279256.61333334
4769,27516371.24
4770,111142220.00666666
4771,73577649.21
4772,4558642.26
4773,9028318.333333334
4774,34438104.76
4775,539233.53
4776,3198179.05
4777,228527405.19333333
4778,92804582.62666667
4779,9678313.11
4780,388483420.32
4781,215539.99666666667
4782,16313691.266666668
4783,4963686.36
4784,7993673.786666667
4785,35027855.17333333
4786,72968126.75
4787,94078328.46
4788,100242475.65333334
4789,1275052.1133333333
4790,70321735.41666667
4791,4508263.14
4792,17302635.67
4793,77206405.56666666
4794,10338415.143333333
4795,6466261.926666667
4796,13188357.79
4797,669680360.6566666
4798,67104347.24
4799,7364684.593333334
4800,21626088.063333333
4801,341533.1
4802,39489370.79666667
4803,4694711.946666666
4804,10592196.066666666
4805,72715.27333333333
4806,14457465.1
4807,1531255.5133333334
4808,3814458.2666666666
4809,143795823.96
4810,231745.9
4811,17972040.75
4812,305473449.22333336
4813,115846201.97333333
4814,1598933.0233333334
4815,73288375.87333333
4816,18950029.243333332
4817,16517819.47
4818,18732936.793333333
4819,17629011.686666667
4820,64436879.236666664
4821,1696250.9
4822,3594689.5566666666
4823,16032449.726666667
4824,58549049.906666666
4825,126768047.62
4826,7036552.07
4827,70955932.49666667
4828,12439607.5
4829,34383850.49
4830,13150530.46
4831,9949532.02
4832,6043291.37
4833,23954765.01
4834,11660082.38
4835,54744566.68
4836,54222680.21
4837,184790211.37
4838,55323928.46333333
4839,794781.73
4840,930989371.3933333
4841,412824.74
4842,95219090.60666667
4843,221112591.21
4844,1943022.7233333334
4845,78679450.85666667
4846,6416694.546666667
4847,207529953.68333334
4848,70351173.00333333
4849,269320853.2133333
4850,37294095.03
4851,305801.06333333335
4852,30616523.776666667
4853,249881829.85
4854,17676418.456666667
4855,108313480.52
4856,21908453.0
4857,5479187.486666666
4858,10500651.326666666
4859,2288012.97
4860,654644744.9266666
4861,334376956.55
4862,245092004.24333334
4863,163433591.81666666
4864,82262349.91333333
4865,91483615.59
4866,14018325.173333334
4867,119485166.55666667
4868,5939078.32
4869,1900848.5966666667
4870,5649569.996666667
4871,79275370.99333334
4872,865983.7933333333
4873,9726810.97
4874,148775932.56666666
4875,19231960.33
4876,30944881.47
4877,40414688.81666667
4878,10367603.296666667
4879,18020942.67
4880,12338552.423333334
4881,1079572.52
4882,6264764.33
4883,19847329.516666666
4884,129136767.53
4885,18705998.56
4886,90983466.92333333
4887,1958157.0633333332
4888,4880901.983333333
4889,1997725.7733333334
4890,107531624.61333333
4891,2597295.8966666665
4892,6541799.376666667
4893,140060905.62666667
4894,14753256.826666666
4895,12629334.433333334
4896,74662753.65
4897,1010116.05
4898,140399472.98333332
4899,146485590.39666668
4900,163725918.65666667
4901,38621101.39333333
4902,6781722.723333334
4903,6539801.793333333
4904,294989369.33666664
4905,22453451.876666665
4906,323605.43666666665
4907,876977493.21
4908,16404391.496666666
4909,76457757.80333333
4910,42564923.67666667
4911,44593754.346666664
4912,29828321.923333332
4913,10728302.223333333
4914,42625859.43666667
4915,70437229.41
4916,50502077.19
4917,4595260.963333333
4918,153708259.55
4919,20345107.223333333
4920,23323556.686666667
4921,128865613.17333333
4922,92271428.86333333
4923,6054900.206666667
4924,56856255.52
4925,143347962.30666667
4926,3628003.3833333333
4927,14880006.716666667
4928,29357794.843333334
4929,16158424.403333334
4930,17032749.203333333
4931,15328414.236666666
4932,3814446.93
4933,318708162.5233333
4934,1817625.7966666666
4935,637821337.7966666
4936,6431105.703333333
4937,451025.41333333333
4938,18143196.34
4939,516633.1533333333
4940,632056.4933333333
4941,74185433.9
4942,1803241.02
4943,50223576.91
4944,70661216.85666667
4945,14617903.96
4946,4374716.323333333
4947,3405713.9566666665
4948,7048584.4
4949,56449718.89333333
4950,99935631.98333333
4951,43810845.18
4952,23442468.816666666
4953,147342593.48
4954,65489892.63666666
4955,3452868.9133333336
4956,1028861.0433333333
4957,42180541.56333333
4958,5237115.236666666
4959,10564645.036666667
4960,3383761.1733333333
4961,171279236.2
4962,10589950.28
4963,2089958.0033333334
4964,4303569.326666667
4965,1233717.1666666667
4966,1539282.3966666667
4967,49420290.36
4968,6200855.756666667
4969,69154.32
4970,1768215.2666666666
4971,78568115.21
4972,12619872.44
4973,29346381.096666668
4974,103763508.29
4975,13315542.05
4976,3061663.196666667
4977,168719065.07
4978,1120205.8766666667
4979,4670861.096666667
4980,15473525.123333333
4981,22509564.24
4982,144000507.13666666
4983,1730288.6833333333
4984,217494945.17
4985,280906624.16
4986,3106789.05
4987,10403555.833333334
4988,1578767.04
4989,6297878.443333333
4990,362333.7866666667
4991,32852332.373333335
4992,220247670.18
4993,11862413.22
4994,126699318.69
4995,798686.8933333333
4996,15461950.813333333
4997,91962686.85
4998,17307271.906666666
4999,89951909.39333333
5000,128629296.26333334
5001,355578710.92333335
5002,136653577.7
5003,60393830.78333333
5004,49555442.623333335
5005,31419477.033333335
5006,431452017.30333334
5007,41275890.333333336
5008,532129543.8933333
5009,43718600.42
5010,4368770.743333333
5011,7469902.6033333335
5012,49284729.06
5013,32472780.94
5014,28333130.51333333
5015,21642146.476666667
5016,218638453.14333335
5017,10441282.9
5018,8203196.983333333
5019,52279660.62
5020,10116731.036666667
5021,2517832.0766666667
5022,31860476.51
5023,5812010.79
5024,66303605.06666667
5025,1206563.8633333333
5026,139301104.76333332
5027,39086971.49666667
5028,209596208.52333334
5029,77313712.26666667
5030,13653236.793333333
5031,2926851.3666666667
5032,168400647.60666665
5033,690994.38
5034,1264717.54
5035,3628461.9566666665
5036,15997814.203333333
5037,23625129.476666667
5038,356387933.2733333
5039,19887525.793333333
5040,34808392.23
5041,26048347.93
5042,19701874.303333335
5043,15544385.953333333
5044,172992337.55333334
5045,5369693.78
5046,3206163.95
5047,17346133.776666667
5048,2172494.4966666666
5049,86903587.79666667
5050,1841673.86
5051,271923511.29333335
5052,160173201.01666668
5053,7808643.476666667
5054,53443052.79
5055,19548311.586666666
5056,57343342.38
5057,8379157.266666667
5058,2081826.99
5059,28105125.566666666
5060,161861700.46333334
5061,86575327.63333334
5062,231453.31
5063,102058.45
5064,81223557.48
5065,4414273.83
5066,13800510.396666666
5067,58671661.903333336
5068,11712201.876666667
5069,120947392.10333334
5070,20460326.406666666
5071,180132833.12666667
5072,253995912.63666666
5073,12420447.99
5074,3099355.4766666666
5075,1822505.06
5076,23803504.776666667
5077,114300642.23
5078,5083502.876666667
5079,2401794.316666667
5080,124478029.46333334
5081,81904840.03666666
5082,72095495.79666667
5083,1173226.28
5084,4602275.15
5085,1410971.03
5086,13302244.663333334
5087,7087631.9366666665
5088,3914339.026666667
5089,6229261.036666667
5090,4468418.856666666
5091,8737012.4
5092,21302478.583333332
5093,26692549.723333333
5094,106070875.69333333
5095,143816746.32
5096,17076403.936666667
5097,447805.53
5098,33479930.926666666
5099,6137343.6
5100,2223537.4966666666
5101,526145.3633333333
5102,31561486.246666666
5103,761844.2133333334
5104,30232779.22
5105,900411.3533333334
5106,2718883.2133333334
5107,44783410.263333336
5108,26674642.286666665
5109,1086519.3166666667
5110,37508780.04333334
5111,270503677.3233333
5112,5685962.77
5113,343882.7633333333
5114,17818104.403333332
5115,7337062.243333333
5116,3705010.263333333
5117,684530141.1166667
5118,23905503.16
5119,2646449.8866666667
5120,806566.9866666667
5121,48060452.56666667
5122,30365630.72
5123,37763787.03
5124,1136838.1233333333
5125,16879821.91
5126,8788787.72
5127,54194913.18333333
5128,1524790.56
5129,3150306.05
5130,51472680.91
5131,30489817.05
5132,42679203.596666664
5133,215028304.49
5134,139474987.82666665
5135,136274700.38666666
5136,3766578.3333333335
5137,123030242.74666667
5138,18275836.99
5139,222972834.54333332
5140,190682544.58333334
5141,17316859.73666667
5142,248425048.20333335
5143,92871482.42
5144,77067154.16666667
5145,42005495.91
5146,12793471.733333332
5147,7524857.11
5148,37881653.41
5149,243906.79333333333
5150,748709890.66
5151,429575653.9033333
5152,144689151.12666667
5153,5815778.463333333
5154,19453103.713333335
5155,2644959.0733333332
5156,735397873.7733333
5157,14746991.56
5158,1232269.6233333333
5159,69425165.55333333
5160,31147819.996666666
5161,23090795.32
5162,116181712.27333333
5163,129153650.02666667
5164,3170649.3466666667
5165,41113331.413333334
5166,137074041.59666666
5167,3320309.1166666667
5168,11988825.97
5169,13575698.423333334
5170,16582149.28
5171,118875649.21333334
5172,15177368.613333333
5173,76915127.10333334
5174,81455563.93333334
5175,290947.99666666664
5176,4413350.45
5177,210227230.56333333
5178,720368505.8733333
5179,14142363.353333334
5180,84874365.13333334
5181,134035.27
5182,30483616.696666665
5183,868786.8633333333
5184,17095071.296666667
5185,5420149.623333333
5186,8813191.963333333
5187,2583371.4033333333
5188,5102770.366666666
5189,10160735.126666667
5190,106766541.15
5191,25963360.88
5192,279059551.68333334
5193,127098093.39333333
5194,38728690.59
5195,168828085.47333333
5196,74223650.46333334
5197,93698990.73
5198,31112790.1
5199,23426141.6
5200,14558925.933333334
5201,56391307.736666664
5202,2591769.9366666665
5203,1814281.9533333334
5204,311394.87666666665
5205,2078785.8166666667
5206,16318085.336666666
5207,1213679.0033333334
5208,25934913.58
5209,104771537.28
5210,23343849.816666666
5211,13079715.656666666
5212,6540849.19
5213,64866382.96333333
5214,108716.44666666667
5215,9727467.186666667
5216,88045324.14666666
5217,15281105.703333333
5218,13359527.54
5219,5811644.193333333
5220,46787887.67
5221,508387.49666666664
5222,9210916.493333334
5223,129479081.95
5224,47955.2
5225,504231.32
5226,42614318.15
5227,5574747.836666667
5228,11261121.11
5229,103324972.88333334
5230,6956252.91
5231,16798954.363333333
5232,120299.88666666667
5233,9258325.68
5234,124584024.62333333
5235,41209968.54666667
5236,232343469.87
5237,174740463.03666666
5238,5792848.653333333
5239,11273090.496666666
5240,165660068.80666667
5241,39605991.43666667
5242,15657116.286666667
5243,1076063.6733333333
5244,130948213.39
5245,4682244.0633333335
5246,25963324.663333334
5247,34701107.11
5248,3169269.973333333
5249,53420594.056666665
5250,217511407.61333334
5251,7872043.803333334
5252,609801.1166666667
5253,2116060.1
5254,133635.74
5255,117807740.69666667
5256,44044610.75
5257,605699.1433333333
5258,2705612.1066666665
5259,125868227.05333333
5260,6125091.62
5261,40136176.153333336
5262,1676271.38
5263,30405002.98
5264,2672246.493333333
5265,2560075.3466666667
5266,58619424.51
5267,22685883.64666667
5268,5406505.356666666
5269,219107304.44
5270,78868066.78666666
5271,19908897.683333334
5272,128222358.68
5273,464637.74333333335
5274,37145299.71
5275,58261720.53
5276,12297992.14
5277,1330289.6966666668
5278,22780421.02
5279,3947802.2133333334
5280,5850249.18
5281,7478717.28
5282,34321075.67333333
5283,516910.0
5284,6025213.28
5285,157006669.8
5286,13300925.113333333
5287,13560452.193333333
5288,6570114.76
5289,117484439.17333333
5290,167690524.82666665
5291,709289351.4233333
5292,236339958.84
5293,184413542.53333333
5294,10422324.143333333
5295,869358561.32
5296,1818145.5133333334
5297,81202076.26333334
5298,180327125.37666667
5299,10664711.206666667
5300,1482771.8533333333
5301,3319320.6733333333
5302,41482858.07666667
5303,9957564.026666667
5304,4591698.14
5305,2971191.013333333
5306,49966997.06666667
5307,239984979.39666668
5308,762201.94
5309,776079.1966666667
5310,121001123.06666666
5311,7531097.583333333
5312,164967796.96666667
5313,656100246.8133334
5314,13933397.483333332
5315,416919.9266666667
5316,7960353.28
5317,120323324.52
5318,18741494.4
5319,56446623.92
5320,11013820.86
5321,27601280.44
5322,380974.38333333336
5323,152518655.82
5324,20470218.16
5325,14750047.536666667
5326,12043326.48
5327,119072963.93333334
5328,14850725.243333334
5329,3211768.34
5330,190890046.62
5331,9034964.313333333
5332,4658587.783333333
5333,17087052.963333335
5334,29384738.706666667
5335,3233436.513333333
5336,16852851.55
5337,3205470.546666667
5338,79090106.39666666
5339,6595849.82
5340,11371779.586666666
5341,184734454.86333334
5342,126757305.14666666
5343,98472102.61333333
5344,151084961.52
5345,362479.07666666666
5346,166461951.06333333
5347,452436.31666666665
5348,8799255.19
5349,1086355.2733333334
5350,457158.1766666667
5351,117566687.18
5352,3664895.736666667
5353,11545866.94
5354,68978630.15333334
5355,60565722.11
5356,23616010.303333335
5357,1238734.3966666667
5358,71481157.34
5359,78295193.88666667
5360,184662227.19333333
5361,10473214.953333333
5362,13836545.05
5363,18795730.85
5364,2818179.216666667
5365,51889046.75333333
5366,34020260.36
5367,97884075.19333333
5368,1544967.8966666667
5369,592041390.03
5370,26336322.77
5371,73879968.24
5372,871444739.4466667
5373,42852313.10333333
5374,132875670.51
5375,72841762.64666666
5376,135219562.49666667
5377,19375560.16
5378,2561597.8433333333
5379,21838794.72
5380,41841727.74333333
5381,64923665.75666667
5382,87905870.13666667
5383,2307835.3666666667
5384,199188517.64666668
5385,70307444.04666667
5386,19414730.743333332
5387,951048.9033333333
5388,270488593.97333336
5389,33269692.23
5390,25769250.47
5391,26998608.303333335
5392,363379.39666666667
5393,17605502.433333334
5394,112884516.46333334
5395,26637848.503333334
5396,206366358.42
5397,1910000.5366666666
5398,2643418.3966666665
5399,12774531.136666667
5400,8377319.133333334
5401,289881671.25666666
5402,35292553.07
5403,67578654.28
5404,455506.09
5405,57108133.43333333
5406,6033697.19
5407,228625544.35
5408,701305129.1033334
5409,255464818.43333334
5410,509028.7133333333
5411,112181778.87
5412,2232876.5033333334
5413,1154594.7333333334
5414,130369250.77333333
5415,106393957.58333333
5416,108033689.0
5417,93941723.05
5418,102379.91333333333
5419,8415437.83
5420,24931818.92
5421,96636616.69333333
5422,92581643.41333333
5423,210425245.15
5424,221620854.18666667
5425,16281020.713333333
5426,5707959.693333333
5427,5039454.6866666665
5428,4384725.02
5429,79729889.63666667
5430,164247005.82666665
5431,27081336.956666667
5432,93101289.28666666
5433,77518073.55333333
5434,38646153.93333333
5435,38450453.96666667
5436,17611932.183333334
5437,54794574.32333333
5438,14740745.323333334
5439,949310.5333333333
5440,98244883.86
5441,4390051.8533333335
5442,127687049.72333333
5443,73135801.07
5444,73530779.37666667
5445,46309906.68333333
5446,104134872.73666666
5447,5973118.97
5448,5638300.41
5449,143419970.2
5450,3087456.453333333
5451,14005800.27
5452,2588730.7866666666
5453,174107052.74
5454,137568545.20666668
5455,13744661.686666667
5456,11904139.113333333
5457,34371890.69
5458,23381444.33
5459,11513447.24
5460,557387.1533333333
5461,163655.12333333332
5462,10326066.16
5463,778231748.3366667
5464,4274288.4
5465,4754057.596666667
5466,377631606.0466667
5467,42854691.34
5468,137780189.90333334
5469,692502.65
5470,264138055.54
5471,217211280.85
5472,54828269.53
5473,23044900.51333333
5474,12778123.46
5475,15316986.373333333
5476,3413778.783333333
5477,19833241.726666667
5478,37997863.983333334
5479,103215598.07333334
5480,12523728.743333334
5481,2142801.96
5482,24382924.11
5483,17099170.006666668
5484,304295127.1433333
5485,12077232.853333334
5486,7544011.16
5487,759030237.3866667
5488,59699958.13666666
5489,56614982.626666665
5490,10033687.413333334
5491,189215499.48
5492,108294116.46
5493,6755577.833333333
5494,408630.4766666667
5495,13654725.596666666
5496,83308785.56333333
5497,38577352.193333335
5498,2548982.546666667
5499,94312725.24
5500,21095677.036666665
5501,1780660.2233333334
5502,5744775.45
5503,12943825.42
5504,57776743.2
5505,2053779.0666666667
5506,469206544.4
5507,12971547.09
5508,160965516.88333333
5509,157038531.78333333
5510,28023671.42
5511,8149970.656666666
5512,75589712.47333333
5513,1830900.0633333332
5514,22411695.34
5515,1039555.59
5516,1081297.79
5517,279146366.4266667
5518,15020908.196666667
5519,172940907.64333335
5520,2549075.1066666665
5521,9871336.216666667
5522,295866.7966666667
5523,331603604.22
5524,517112842.00666666
5525,57272276.99
5526,5069181.406666666
5527,1996801.73
5528,64509808.88
5529,86098.81333333334
5530,335478228.53333336
5531,1097774.99
5532,18658226.326666668
5533,131305142.07333334
5534,470192902.0233333
5535,1509261.1533333333
5536,1204769.41
5537,20507224.58
5538,14280852.45
5539,248044383.07666665
5540,57447315.16
5541,186699475.72666666
5542,232798.90333333332
5543,2245904.8666666667
5544,80057747.19
5545,492259.5366666667
5546,11327500.733333332
5547,29340320.176666666
5548,19063553.046666667
5549,52004757.45
5550,78857657.29666667
5551,24274696.796666667
5552,41754011.42666667
5553,35934997.31333333
5554,6388171.893333334
5555,15003716.003333334
5556,13486597.47
5557,9828736.81
5558,658539281.1233333
5559,7153265.1466666665
5560,3941198.4166666665
5561,9666873.09
5562,60894623.32666667
5563,79810.30333333333
5564,3110432.0566666666
5565,8523722.123333333
5566,5383334.633333334
5567,35293669.21
5568,70172160.54333334
5569,37149497.99
5570,29554814.3
5571,153421030.46333334
5572,206487.62666666668
5573,382358547.87333333
5574,21035890.303333335
5575,117078609.79333334
5576,58295385.89333333
5577,32070229.76
5578,27693304.256666668
5579,5418572.49
5580,1477624.6033333333
5581,17239248.906666666
5582,20229314.15
5583,49316957.44
5584,55710726.57333333
5585,1586620.6966666668
5586,1471442.6233333333
5587,31603300.196666665
5588,145168673.02
5589,87595210.38
5590,15898248.576666666
5591,11875111.036666667
5592,1602610.5666666667
5593,14257125.386666667
5594,8643611.1
5595,105486426.10666667
5596,179031511.07666665
5597,7310422.346666667
5598,2573655.85
5599,7968694.086666667
5600,53500921.92333333
5601,41329245.11
5602,92675476.41333333
5603,3284455.743333333
5604,77564716.95666666
5605,124167747.05666667
5606,84258288.1
5607,27708036.60333333
5608,115858593.10666667
5609,17997094.366666667
5610,33318841.966666665
5611,18691580.686666667
5612,527304021.76666665
5613,79502151.47
5614,38230236.92333333
5615,39746185.61333334
5616,24151328.216666665
5617,245622594.86666667
5618,30475852.253333334
5619,96217567.73666666
5620,14672166.026666667
5621,28106554.52
5622,28288895.64666667
5623,13947252.506666666
5624,657026920.73
5625,311608.00333333336
5626,4415332.803333334
5627,157650892.72333333
5628,97295837.01666667
5629,282552995.73
5630,70537285.04333334
5631,87960290.65
5632,19313890.956666667
5633,22244092.496666666
5634,15902804.643333333
5635,76948400.83
5636,2302490.93
5637,9006953.246666666
5638,135594118.16666666
5639,24941957.433333334
5640,5248906.053333334
5641,43538314.81666667
5642,14622018.45
5643,1684797.0733333332
5644,780247890.8766667
5645,190296536.33
5646,32092712.466666665
5647,6274964.336666667
5648,101079308.81666666
5649,2268953.18
5650,132224475.99333334
5651,42084361.07666667
5652,1285985.6833333333
5653,72704528.8
5654,97850252.53333333
5655,45493612.34
5656,779234551.1366667
5657,58277258.74333333
5658,23382182.793333333
5659,35029583.95
5660,146715637.82333332
5661,15293689.81
5662,601194141.7666667
5663,6121284.873333333
5664,2878913.59
5665,36016294.88
5666,5392626.0633333335
5667,20888366.823333334
5668,1764959.5266666666
5669,1312356.22
5670,827224343.0066667
5671,52883278.016666666
5672,102342768.71666667
5673,89983407.38666667
5674,13816261.693333333
5675,5017633.623333333
5676,363358.78
5677,94408091.84
5678,129981515.27
5679,1836620.7733333334
5680,25730202.253333334
5681,839705594.98
5682,329429.42333333334
5683,198441499.48
5684,128281718.11333333
5685,26632038.4
5686,1445307.4433333334
5687,55684011.486666664
5688,17676276.69
5689,184564222.34333333
5690,6429568.816666666
5691,179418947.9
5692,451637786.89666665
5693,29671406.92
5694,17301768.633333333
5695,4369468.233333333
5696,32338195.953333333
5697,282018.9666666667
5698,5282199.293333333
5699,5699646.196666666
5700,30021507.01
5701,19500235.126666665
5702,23538579.846666668
5703,61002188.943333335
5704,10876001.803333333
5705,878623.96
5706,418518.2266666667
5707,20139364.163333334
5708,16306666.853333334
5709,64139221.32
5710,5719740.68
5711,31312259.426666666
5712,169320402.3
5713,17868605.996666666
5714,17775975.57
5715,1997496.98
5716,454312.61
5717,22396850.1
5718,2832280.72
5719,32617455.03
5720,5552180.45
5721,100166333.46666667
5722,9021984.79
5723,130917375.89666666
5724,10407176.906666666
5725,1941208.18
5726,74819813.12666667
5727,164080687.22666666
5728,69937732.85333334
5729,406514830.4266667
5730,3007606.0166666666
5731,1147643.6
5732,4453827.226666667
5733,475144.6566666667
5734,27741056.69
5735,3807619.56
5736,104563572.0
5737,57923803.846666664
5738,78288422.87333333
5739,32441007.493333332
5740,46911716.64
5741,209221749.19333333
5742,42942946.49666667
5743,26266410.043333333
5744,2907259.9
5745,2697593.9233333333
5746,50753712.803333335
5747,1599820.5066666666
5748,129118101.37333333
5749,35949426.89
5750,70026575.99666667
5751,31507462.636666667
5752,1172512.9466666668
5753,310557085.49666667
5754,17657944.016666666
5755,75038192.54
5756,7368066.466666667
5757,13245501.183333334
5758,570691.3766666667
5759,27386713.62
5760,931670.1566666666
5761,52392.18666666667
5762,42159141.81333333
5763,120252795.31
5764,7266594.783333333
5765,22842104.66
5766,51999422.48
5767,10709482.8
5768,36091341.843333334
5769,656464125.4066666
5770,4420518.836666667
5771,19946034.09
5772,18549192.676666666
5773,509262287.5566667
5774,86484843.47333333
5775,34724837.02
5776,6815646.8533333335
5777,161493530.99333334
5778,165829326.68666667
5779,175694345.32333332
5780,2446641.9966666666
5781,121162113.91
5782,39880673.486666664
5783,125235801.07666667
5784,137930922.72333333
5785,106013321.93
5786,2581515.46
5787,312677909.2633333
5788,1506321.31
5789,33507500.6
5790,139081276.22333333
5791,118056765.99
5792,16731558.683333334
5793,12998424.51
5794,54604623.13666666
5795,164365337.44
5796,32871335.583333332
5797,51472907.48
5798,386452.16
5799,247332299.41
5800,753027.9333333333
5801,10387904.596666666
5802,1737919.57
5803,928877.38
5804,599412482.3566667
5805,10297514.126666667
5806,20028284.533333335
5807,39505986.15
5808,77597692.52333333
5809,20491745.546666667
5810,6703564.02
5811,7985699.376666667
5812,28932360.89666667
5813,160783681.17333335
5814,6658419.633333334
5815,6514371.376666667
5816,8275445.093333334
5817,3383835.1433333335
5818,40534899.14666667
5819,22160553.73
5820,11968567.113333333
5821,3225949.4766666666
5822,109980.99666666667
5823,51698250.47666667
5824,48694067.87
5825,32978503.51
5826,8971467.07
5827,6413436.383333334
5828,240216621.2
5829,76132437.41666667
5830,31314407.73
5831,118453935.59666666
5832,36494155.443333335
5833,16268089.973333333
5834,8587093.906666666
5835,113547.78333333334
5836,115036795.94
5837,94929484.61
5838,425047.13
5839,71953782.39333333
5840,1224155.0466666666
5841,90292398.63333334
5842,49577205.82666667
5843,19113898.19
5844,5803423.536666667
5845,7270735.636666667
5846,7271070.193333333
5847,78982212.69666667
5848,50406935.59
5849,25017199.44
5850,26168796.336666666
5851,25202454.576666668
5852,7942393.373333333
5853,34585059.3
5854,20335885.473333333
5855,216794669.56666666
5856,22139310.3
5857,1070213119.0333333
5858,156643.23333333334
5859,56297331.333333336
5860,110351706.32333334
5861,1550946.7566666666
5862,22954114.286666665
5863,82612095.43333334
5864,305083251.1166667
5865,24239966.373333335
5866,14784188.423333334
5867,7046954.21
5868,42957277.4
5869,10993284.096666666
5870,260212.48
5871,23631543.12
5872,499767426.34
5873,14543746.853333334
5874,5017140.196666666
5875,44215313.67333333
5876,50936525.663333334
5877,10342638.713333333
5878,118724487.33
5879,4567355.033333333
5880,110683004.32666667
5881,132104696.40666667
5882,309321739.0966667
5883,8555707.94
5884,125490578.30333333
5885,9831148.12
5886,8537941.42
5887,26172326.97
5888,9660874.406666666
5889,3831875.76
5890,117736946.50333333
5891,52139932.74
5892,7856870.38
5893,3612967.9133333336
5894,65071491.99
5895,30746780.44
5896,106497425.11333333
5897,418694.3933333333
5898,143289875.46
5899,8910420.38
5900,16030412.726666667
5901,143345.75
5902,21159447.47
5903,82836853.92666666
5904,72586780.25333333
5905,76017574.81
5906,98493796.71333334
5907,12506211.12
5908,72263264.76
5909,15730849.273333333
5910,75859934.19
5911,12942324.633333333
5912,245727693.45666668
5913,35936916.73
5914,46929742.6
5915,12724386.92
5916,41949205.65
5917,204564892.47666666
5918,227104549.27666667
5919,104752563.48666666
5920,5854765.06
5921,75139119.59666666
5922,14551806.736666666
5923,4438178.616666666
5924,22172602.536666665
5925,584615455.9
5926,206643.26666666666
5927,1384073.3033333332
5928,53558430.36333334
5929,667985.1166666667
5930,215575086.46666667
5931,55262506.53666667
5932,548901.6633333333
5933,12157142.576666666
5934,100913801.19333333
5935,211516760.06333333
5936,86548057.52666667
5937,2101271.053333333
5938,10495850.253333334
5939,74796840.93
5940,127494580.83666667
5941,1947668.1166666667
5942,75163050.99
5943,5233558.513333334
5944,30321441.33
5945,14479170.93
5946,1193681.7366666666
5947,612094.7366666667
5948,160215350.43666667
5949,1459039.84
5950,98751197.2
5951,128774401.31666666
5952,14529829.25
5953,344345552.02666664
5954,5774797.82
5955,20188101.28
5956,81700908.78333333
5957,35435586.74333333
5958,87930542.34333333
5959,1266756.3233333332
5960,21708617.64666667
5961,2485468.756666667
5962,6891363.306666667
5963,44427682.22666667
5964,71907252.78
5965,76252668.56333333
5966,26571174.05
5967,534711568.36
5968,83546761.08333333
5969,121653677.14333333
5970,11407765.383333333
5971,7908988.073333333
5972,10179520.663333334
5973,57693936.84
5974,625385.5266666666
5975,48356841.7
5976,1590739.5266666666
5977,175431.64333333334
5978,996540621.7233334
5979,1972796.0966666667
5980,249236588.78
5981,1517699.0166666666
5982,161674828.72
5983,1266543.91
5984,31521264.17
5985,88279363.21
5986,8076292.446666666
5987,561208.9866666667
5988,21095809.136666667
5989,1870540.18
5990,97015568.23333333
5991,5620509.3
5992,40857945.836666666
5993,30723084.176666666
5994,784226.1866666666
5995,9141765.93
5996,18717766.733333334
5997,57097569.52
5998,615147096.5733334
5999,3358375.9766666666
6000,10050865.39
6001,9249449.783333333
6002,12367140.426666666
6003,472770173.6566667
6004,77649270.67
6005,2036960.6766666668
6006,4995061.176666667
6007,9173410.87
6008,4294036.586666667
6009,77774176.31333333
6010,87662259.18666667
6011,17781011.383333333
6012,9745666.376666667
6013,212568537.74
6014,14434697.763333334
6015,27644716.30666667
6016,79428135.48666666
6017,6026807.8533333335
6018,12616718.11
6019,2513838.9966666666
6020,5957210.023333333
6021,14707519.5
6022,5673418.093333334
6023,84816853.10666667
6024,565671.0666666667
6025,24205803.423333332
6026,169987725.97
6027,6417909.743333333
6028,99401477.49333334
6029,28423230.97
6030,312999383.02
6031,121696675.79666667
6032,85389.64
6033,23168187.923333332
6034,2665499.57
6035,994585668.8366667
6036,1541165.51
6037,1389793.3133333332
6038,45764.526666666665
6039,14383091.52
6040,33950984.78333333
6041,525562154.03333336
6042,260318.00333333333
6043,160937408.9
6044,5363274.243333333
6045,47196187.70333333
6046,2553643.25
6047,18766915.6
6048,2840226.49
6049,1906025.63
6050,14033948.126666667
6051,3415182.5833333335
6052,84038951.28666666
6053,1248061.15
6054,5041732.966666667
6055,47225465.596666664
6056,25907261.89
6057,2681912.01
6058,32665392.686666667
6059,120131646.21333334
6060,21960052.333333332
6061,74592140.80333333
6062,2802462.013333333
6063,129612664.91333333
6064,1386895.1633333333
6065,68973471.45333333
6066,56814996.89666667
6067,82164126.69
6068,279924.88
6069,201407296.97
6070,140007106.47333333
6071,15924901.286666667
6072,13003172.403333334
6073,16382159.173333334
6074,377169.80666666664
6075,1802672.8833333333
6076,156147679.69333333
6077,11892315.043333333
6078,72003001.89
6079,599518048.3866667
6080,2339075.466666667
6081,1782608.7233333334
6082,2729885.743333333
6083,130451150.58333333
6084,13786098.516666668
6085,24715069.61
6086,3604086.1566666667
6087,48400157.72333334
6088,6931646.516666667
6089,12588144.983333332
6090,234825988.85
6091,1498060.2333333334
6092,5599540.0
6093,10350912.85
6094,169929915.68
6095,23222694.383333333
6096,11497924.516666668
6097,43143527.71666667
6098,18306815.196666665
6099,51612886.21
6100,36406389.983333334
6101,139257065.11333334
6102,82185752.5
6103,74234277.9
6104,606563.2233333334
6105,4168669.2533333334
6106,233255.53
6107,142869.69333333333
6108,46280739.513333336
6109,9577456.383333333
6110,109305409.47
6111,409599.06666666665
6112,77786.96333333333
6113,5138513.776666666
6114,117899054.42666666
6115,178918133.99
6116,521275.74666666664
6117,30094253.203333333
6118,48732790.25333333
6119,131118184.63333334
6120,30106176.413333334
6121,454436.53
6122,66806391.266666666
6123,730784.6666666666
6124,578111.05
6125,5476534.5633333335
6126,19303898.71
6127,18050925.623333335
6128,289347388.46666664
6129,9283959.006666666
6130,538005.47
6131,8480612.126666667
6132,107934.49333333333
6133,10510517.05
6134,32207356.303333335
6135,43660087.373333335
6136,331111407.76666665
6137,39234838.50333333
6138,2444515.223333333
6139,1120645232.0166667
6140,3985921.276666667
6141,12372245.456666667
6142,2651356.88
6143,2026723.68
6144,83856473.87333333
6145,17238553.75
6146,14754342.166666666
6147,99537472.68
6148,5539676.37
6149,100822058.66666667
6150,599281939.3833333
6151,27792499.01
6152,683831189.63
6153,3492728.026666667
6154,135528333.87
6155,124051442.14666666
6156,9110705.146666666
6157,25034755.27
6158,72368370.44
6159,8368294.35
6160,21759864.096666668
6161,15406224.0
6162,22485631.38
6163,3135913.6066666665
6164,16146747.5
6165,17922264.01
6166,23917781.866666667
6167,13338345.273333333
6168,15579977.626666667
6169,40660202.376666665
6170,8600131.633333333
6171,16645063.926666666
6172,300262.04333333333
6173,50879286.47333334
6174,27538344.493333332
6175,21707892.186666667
6176,52606733.72333334
6177,79945941.93666667
6178,1542356.24
6179,534102598.49666667
6180,52045838.89666667
6181,49203837.46
6182,638515977.68
6183,17806843.386666667
6184,757594809.7166667
6185,5325541.006666667
6186,6382183.33
6187,3225897.34
6188,66807134.696666665
6189,122747966.93
6190,235821689.96666667
6191,2756375.033333333
6192,39931125.46
6193,5718823.206666667
6194,2304386.08
6195,284271.93
6196,75810801.66
6197,885667.7033333334
6198,122696092.59333333
6199,789321226.1133333
6200,608544.8366666667
6201,5098506.34
6202,170371624.57333332
6203,639485816.1633333
6204,2614669.22
6205,11757728.683333334
6206,77476682.62333333
6207,50263074.18333333
6208,49780403.77333333
6209,222637.82
6210,22662504.813333333
6211,49221631.86333334
6212,18650781.956666667
6213,42512658.626666665
6214,25754789.25
6215,15408100.013333334
6216,44637816.02333333
6217,468088.35
6218,10746031.88
6219,39236960.53333333
6220,637972.9433333334
6221,13420379.383333333
6222,1680370.8633333333
6223,50947126.6
6224,34937761.63
6225,209596208.52333334
6226,17585660.81
6227,23330120.956666667
6228,484739.13666666666
6229,950394.4133333333
6230,2154456.4966666666
6231,163920315.50666666
6232,3732540.1033333335
6233,245447540.35333332
6234,85778972.04666667
6235,192427027.60333332
6236,15804214.22
6237,10991385.3
6238,6919195.793333333
6239,160671478.54
6240,355736975.2733333
6241,3026827.9966666666
6242,1409925.6233333333
6243,16491272.086666666
6244,98536740.94
6245,3019162.0033333334
6246,5807172.47
6247,873801823.0133333
6248,2671074.0
6249,9377472.093333334
6250,31018255.363333333
6251,189919966.16666666
6252,780603.44
6253,10574277.273333333
6254,219564978.48666668
6255,1867219.7533333334
6256,6096747.69
6257,127780571.44666667
6258,66515.34666666666
6259,616999.88
6260,12846387.213333333
6261,218136090.7
6262,6267602.47
6263,42423580.016666666
6264,12659294.25
6265,10588856.23
6266,19653088.5
6267,214622229.72666666
6268,75658.94666666667
6269,348885448.5366667
6270,98410147.17666666
6271,208020259.29666665
6272,5742646.196666666
6273,33272402.46
6274,238542790.61
6275,46866779.79
6276,8890670.526666667
6277,17652075.166666668
6278,1917411.0666666667
6279,8636414.85
6280,6920987.203333333
6281,3198821.5633333335
6282,385504370.64
6283,28498675.766666666
6284,115268459.73333333
6285,25223829.113333333
6286,1117780.2433333334
6287,2458136.1933333334
6288,138624248.59666666
6289,216526407.68
6290,114177.46
6291,42908848.75333333
6292,104275167.32
6293,696408762.9966667
6294,13855996.48
6295,445051379.89
6296,2959182.473333333
6297,137485229.56333333
6298,886745.86
6299,1433652.4733333334
6300,29810144.16
6301,19572289.28
6302,5421186.283333333
6303,4319522.1466666665
6304,15192196.076666666
6305,165611364.00333333
6306,39472832.79333334
6307,832463.1933333334
6308,6846639.816666666
6309,2326565.4233333333
6310,88081699.4
6311,2686400.5966666667
6312,6466347.016666667
6313,18543771.796666667
6314,67970569.82333334
6315,4485542.87
6316,45669939.97666667
6317,199532749.04666665
6318,37643086.26
6319,28732953.73666667
6320,634057.3066666666
6321,250463884.01666668
6322,189892870.42666668
6323,73229298.24
6324,2673341.236666667
6325,77700609.87333333
6326,2405045.736666667
6327,57127362.61
6328,46360054.52
6329,6583778.99
6330,3004659.67
6331,92654140.42666666
6332,3386684.5366666666
6333,9007702.953333333
6334,1747139.8466666667
6335,36105415.23
6336,37702073.28666667
6337,70131232.25333333
6338,700336.3666666667
6339,80264963.62666667
6340,3063310.2266666666
6341,4853686.143333334
6342,5786029.586666667
6343,77474855.30333333
6344,49850672.483333334
6345,7191071.24
6346,144883125.25666666
6347,78668774.19333333
6348,28366869.10333333
6349,45080148.093333334
6350,6651421.263333334
6351,344641101.2733333
6352,56358052.803333335
6353,1062622.1633333333
6354,2755873.526666667
6355,42976.79
6356,35687260.82666667
6357,875190.0933333334
6358,4670394.55
6359,6427383.443333333
6360,9641408.17
6361,162571145.85
6362,3864378.69
6363,6997383.27
6364,8909084.35
6365,179362606.81
6366,33272690.916666668
6367,16409793.103333334
6368,26465949.60333333
6369,35156567.846666664
6370,102671273.98666666
6371,3440563.1066666665
6372,95838134.03
6373,1289048.7866666666
6374,9757345.846666666
6375,346262969.2733333
6376,9751406.853333334
6377,14114704.623333333
6378,1803378.9733333334
6379,230184425.95
6380,25828894.783333335
6381,783248079.2033334
6382,38455220.93
6383,54187357.24333333
6384,106324498.66333333
6385,41931934.83
6386,309952032.5133333
6387,1676890.6466666667
6388,4395740.893333334
6389,288846.75
6390,57957139.053333335
6391,5020062.89
6392,7707379.51
6393,182632082.68666667
6394,321121102.0966667
6395,862852.51
6396,3166008.446666667
6397,3399032.696666667
6398,11089238.743333334
6399,1714960.1633333333
6400,13019398.733333332
6401,20533081.423333332
6402,78865884.55333333
6403,84925942.70333333
6404,24192448.866666667
6405,1586585.6333333333
6406,6047306.7
6407,5530047.18
6408,15296925.246666666
6409,94528711.73333333
6410,7543528.756666667
6411,1464938.65
6412,57054693.263333336
6413,7401020.043333333
6414,601036478.4066666
6415,1234768.6433333333
6416,5743278.22
6417,104325772.22
6418,33418806.643333334
6419,16563037.61
6420,25588966.893333334
6421,25568256.73666667
6422,92863.18666666666
6423,17744112.876666665
6424,77787035.91333333
6425,80382865.02
6426,8913916.196666667
6427,13467133.653333334
6428,2500453.6866666665
6429,21371464.823333334
6430,69635604.88
6431,154538128.02666667
6432,234546105.64333335
6433,15858269.223333333
6434,5591262.35
6435,38121836.29333334
6436,20162253.51
6437,12649833.493333334
6438,21229095.046666667
6439,16156702.02
6440,51599895.663333334
6441,8572324.073333334
6442,4885199.956666667
6443,90309146.76
6444,501542.08
6445,730712730.5233333
6446,239937412.95333335
6447,30196389.08
6448,1849057.78
6449,23100851.536666665
6450,6037487.463333333
6451,8782860.663333334
6452,73235734.37333333
6453,87225706.93
6454,40470898.64
6455,26336472.766666666
6456,32398009.933333334
6457,166449209.04666665
6458,7588352.456666667
6459,7985337.626666667
6460,122214953.60666667
6461,170077820.41333333
6462,183415475.1
6463,125365.37333333334
6464,14630656.09
6465,5193976.536666667
6466,21814311.826666668
6467,16041276.01
6468,283640.62333333335
6469,12342464.453333333
6470,3496916.2533333334
6471,1476407.3133333332
6472,129371844.86666666
6473,12418989.863333333
6474,4478392.123333333
6475,5198164.99
6476,241727595.33
6477,24106985.843333334
6478,28230484.726666667
6479,452949358.23333335
6480,50585788.336666666
6481,122506553.99666667
6482,1264397.5333333334
6483,9790736.633333333
6484,219863380.35
6485,105911961.71
6486,201874.02333333335
6487,110265020.47333333
6488,73798592.03666666
6489,9946648.536666667
6490,1817105.4633333334
6491,12061947.933333334
6492,13137910.32
6493,6887398.456666667
6494,183258635.66
6495,12075684.4
6496,368492548.22333336
6497,318005014.3433333
6498,95754584.89333333
6499,16213197.643333333
6500,2145969.07
6501,5440185.44
6502,121375980.64333333
6503,15233514.326666666
6504,7365869.833333333
6505,2263127.0833333335
6506,17773820.906666666
6507,32880433.10333333
6508,110487620.75
6509,14334083.17
6510,2102267.08
6511,26005284.94
6512,4762809.46
6513,14175062.146666666
6514,6686062.0633333335
6515,660213229.49
6516,73830629.20333333
6517,1971653.8166666667
6518,16665192.01
6519,142155416.89
6520,6328928.276666666
6521,243509167.57
6522,29174144.066666666
6523,43245304.18
6524,31208737.93
6525,75615098.43333334
6526,442053731.1933333
6527,553133.7
6528,1033723.1433333333
6529,16356252.946666667
6530,67009862.04333334
6531,2923392.6733333333
6532,26516651.526666667
6533,1182424.3033333332
6534,637071373.9333333
6535,6857122.783333333
6536,31539903.716666665
6537,132488296.51666667
6538,18805425.893333334
6539,249112626.48666668
6540,218514138.23666668
6541,132018103.90333334
6542,22765976.083333332
6543,436411.06333333335
6544,15600102.85
6545,11537602.57
6546,709236920.0966667
6547,258593.79333333333
6548,72637798.72666667
6549,148515089.02666667
6550,166573090.68333334
6551,30624438.086666666
6552,1268934.8533333333
6553,626511.63
6554,26315274.71
6555,24605105.7
6556,36021932.53333333
6557,7421023.77
6558,149376710.61333334
6559,114222818.89
6560,499311281.5366667
6561,2955029.493333333
6562,120133509.78333333
6563,19391593.363333333
6564,9452911.27
6565,15239432.85
6566,51344455.96666667
6567,13033672.516666668
6568,17771026.286666665
6569,1554642.9233333333
6570,62764791.32666667
6571,6567784.723333334
6572,452676.99333333335
6573,18571783.816666666
6574,24356932.726666667
6575,634103.7333333333
6576,16359034.05
6577,8288848.963333333
6578,38913298.32666667
6579,12314842.346666666
6580,103605438.16666667
6581,41344501.68
6582,501307.5266666667
6583,2922824.76
6584,2065222.54
6585,37460026.266666666
6586,47658541.093333334
6587,77968677.45666666
6588,3126911.67
6589,34886132.68333333
6590,209269657.81666666
6591,18509106.67
6592,130209912.43
6593,74264878.41666667
6594,112061617.27333333
6595,269439.61666666664
6596,169306144.37333333
6597,215766.02
6598,14784577.356666667
6599,12328322.033333333
6600,2579639.8666666667
6601,76125954.25
6602,592511950.31
6603,32469937.043333333
6604,11573605.496666666
6605,89908253.16666667
6606,7410286.25
6607,93679955.33
6608,658708.15
6609,2788008.93
6610,14714665.556666667
6611,13585881.506666666
6612,833690712.84
6613,24121633.686666667
6614,265300544.25
6615,4115896.1566666667
6616,155744034.30666667
6617,55916481.51
6618,52371912.97
6619,10678239.006666666
6620,3309803.5366666666
6621,42391367.903333336
6622,155582377.85666665
6623,441416888.28
6624,66321842.586666666
6625,72518644.98333333
6626,35174931.0
6627,65302562.79666667
6628,779935.15
6629,5290260.336666667
6630,2163378.93
6631,284714.2233333333
6632,5586483.036666667
6633,7691985.67
6634,3994431.223333333
6635,8774272.483333332
6636,215559498.93333334
6637,86090248.56
6638,3602321.74
6639,33357681.683333334
6640,35422098.3
6641,180416965.07666665
6642,253735697.82
6643,779956.0566666666
6644,483402.1566666667
6645,47834738.8
6646,28190060.966666665
6647,1183528.24
6648,49697358.983333334
6649,2876532.966666667
6650,2266994.216666667
6651,19426380.343333334
6652,3598597.69
6653,54546593.11666667
6654,98680732.09333333
6655,16885493.7
6656,27420938.856666666
6657,107782922.06666666
6658,8225474.226666667
6659,7005270.406666666
6660,5392350.32
6661,2306304.993333333
6662,10064683.733333332
6663,701901421.7166667
6664,3140662.993333333
6665,456519.24333333335
6666,10992034.656666666
6667,169089801.14333335
6668,21667634.493333332
6669,38577564.72
6670,34815050.55
6671,33746583.25666667
6672,14897141.136666667
6673,44254486.81333333
6674,661118883.46
6675,98130577.03666666
6676,7269785.466666667
6677,2009698.21
6678,4019837.296666667
6679,708104543.5533333
6680,30605855.106666666
6681,625973963.3966666
6682,29965881.23
6683,34908701.71333333
6684,74233.95
6685,3028172.81
6686,13307777.356666667
6687,50733509.29666667
6688,5276522.363333333
6689,173270326.48333332
6690,336151366.4266667
6691,10148053.013333334
6692,671229352.59
6693,129001137.28666666
6694,61823593.553333335
6695,165122232.37
6696,236059509.41666666
6697,16568738.676666666
6698,55365954.59
6699,278578728.8333333
6700,254554613.35666665
6701,105165511.38666667
6702,50502528.8
6703,633912.7633333333
6704,2581840.8966666665
6705,35140844.13666666
6706,43684910.79333334
6707,29656465.636666667
6708,19459704.07
6709,1739467.3933333333
6710,107986613.15
6711,53718573.02666666
6712,124884888.92
6713,559706.4133333333
6714,806803.7033333334
6715,12162368.033333333
6716,36813765.39333333
6717,312270569.59
6718,17147969.496666666
6719,17916312.923333332
6720,3127701.6166666667
6721,39700811.28333333
6722,3055475.256666667
6723,139820612.03333333
6724,26177356.78
6725,4302948.06
6726,29944713.783333335
6727,7189832.993333333
6728,16000357.773333333
6729,17091326.76
6730,8482330.936666667
6731,858505.48
6732,14010556.46
6733,110975176.43333334
6734,4248444.376666667
6735,208388341.33
6736,1913424.01
6737,792824.63
6738,22144144.23
6739,24082506.466666665
6740,1523504.0266666666
6741,2935794.3433333333
6742,26276934.30666667
6743,216649199.94666666
6744,13934882.636666667
6745,4304636.94
6746,81321698.30333333
6747,12565019.323333334
6748,611203.0966666667
6749,9321827.81
6750,983518.3433333334
6751,14907773.03
6752,113597598.95666666
6753,15552698.56
6754,94456064.55333333
6755,3224977.1433333335
6756,145408612.41333333
6757,80128186.20666666
6758,23207899.94333333
6759,155692875.99666667
6760,10676714.013333334
6761,16703345.08
6762,240700.25
6763,43509312.85666667
6764,14358922.536666667
6765,163744359.58
6766,270255.59
6767,25489753.41
6768,160499617.45333335
6769,39464013.62
6770,10863457.52
6771,7553131.606666666
6772,11715898.75
6773,19517679.983333334
6774,112548121.19333333
6775,179041529.74333334
6776,2126583.3633333333
6777,15376412.136666667
6778,63946216.95666666
6779,17704417.72
6780,30440272.273333333
6781,2990609.66
6782,182869963.97666666
6783,8271233.246666667
6784,3098105.2333333334
6785,55345172.45
6786,3663485.49
6787,14743976.323333334
6788,1781560.6233333333
6789,358609.87333333335
6790,3044347.9566666665
6791,60675724.75333333
6792,442684560.14
6793,75969789.4
6794,7666481.57
6795,9837761.016666668
6796,935218953.9566667
6797,35686055.28
6798,51398421.39333333
6799,2944771.62
6800,111853624.32666667
6801,660113213.0566666
6802,19415769.35333333
6803,202498729.84666666
6804,27409705.93
6805,47936379.04333334
6806,4386135.656666666
6807,27222750.18
6808,2673713.32
6809,16317112.486666666
6810,20178596.41
6811,17031203.1
6812,12057380.85
6813,146905379.84
6814,1364020.56
6815,10844739.263333334
6816,6445995.32
6817,50641.69666666666
6818,2496688.953333333
6819,70758803.11666666
6820,74348303.84666666
6821,17883655.69333333
6822,21488740.3
6823,21254007.026666667
6824,193020954.83333334
6825,35974729.11666667
6826,24793496.953333333
6827,542270.4766666667
6828,514229.35333333333
6829,2835294.59
6830,32909231.6
6831,54142674.9
6832,26519570.413333334
6833,11259175.493333334
6834,4984216.546666667
6835,91776291.14333333
6836,1478343.2966666666
6837,59438385.10666667
6838,6368884.09
6839,7718872.31
6840,10684291.526666667
6841,11041565.823333334
6842,4604602.59
6843,23952313.24
6844,274420528.6766667
6845,9035458.57
6846,25299416.32
6847,2813398.18
6848,7767555.68
6849,7077099.1033333335
6850,73939501.2
6851,138562484.22666666
6852,23202798.37
6853,9902353.903333334
6854,27624162.366666667
6855,26683532.24
6856,1211631.3133333332
6857,21818452.026666667
6858,13880440.093333334
6859,37335754.54666667
6860,3917650.283333333
6861,38808851.32
6862,42946431.38333333
6863,226864973.58
6864,4727360.41
6865,2367889.06
6866,140110446.20666668
6867,38278009.65
6868,1108901918.4
6869,54160942.93666667
6870,260402.19
6871,72126277.24
6872,3322587.013333333
6873,23294357.416666668
6874,51393094.64
6875,4083874.8333333335
6876,31454242.993333332
6877,15914467.556666667
6878,1047338.1333333333
6879,2851672.696666667
6880,704336.3966666666
6881,6959089.963333333
6882,48898796.763333336
6883,148446457.15
6884,48894146.5
6885,8374955.23
6886,4390540.85
6887,79077778.12
6888,68253917.79333334
6889,2025965.8633333333
6890,37870027.34
6891,31909860.243333332
6892,275060124.0566667
6893,255124329.80666667
6894,42973948.376666665
6895,2495164.0
6896,1932882.61
6897,682959.8233333334
6898,1434655.3433333333
6899,11476737.296666667
6900,36335350.333333336
6901,27493319.59
6902,2287372.03
6903,12833938.576666666
6904,157270997.16666666
6905,44835568.65
6906,173922466.58666667
6907,24720209.906666666
6908,6187273.513333334
6909,324147.67
6910,22334870.27
6911,7432780.616666666
6912,11801004.31
6913,941357493.9866667
6914,544790880.92
6915,125168880.06333333
6916,21400294.85
6917,760461155.2333333
6918,26002638.346666668
6919,3187365.7266666666
6920,121182551.60333334
6921,276914893.03333336
6922,5182297.866666666
6923,8437823.286666667
6924,1127738.08
6925,9645044.323333334
6926,15900026.596666666
6927,807447.5166666667
6928,31292511.576666668
6929,99229529.9
6930,195429456.88
6931,7565107.6
6932,4777291.073333333
6933,8254168.716666667
6934,112416000.40333334
6935,1358150.2866666666
6936,5443265.62
6937,132969550.87666667
6938,2018945.71
6939,10109812.77
6940,141658118.16666666
6941,97491364.87
6942,73477906.63666667
6943,5686277.576666667
6944,156562978.87
6945,13730208.476666667
6946,68626105.67666666
6947,13006159.29
6948,16991032.363333333
6949,197805857.22666666
6950,434335189.46666664
6951,371348.88
6952,18536337.09
6953,33025610.903333332
6954,32761518.60333333
6955,89752991.36
6956,5583914.336666667
6957,9096133.33
6958,939431.3433333334
6959,2968857.1133333333
6960,60232024.163333334
6961,10649444.173333334
6962,163430405.48333332
6963,6307326.056666667
6964,24324264.03
6965,6132512.136666667
6966,140856755.96666667
6967,158107192.19333333
6968,527608.3066666666
6969,2540600.3533333335
6970,6887132.0
6971,233080601.17333335
6972,895475.9833333333
6973,43702706.623333335
6974,48166130.03333333
6975,121628273.92666666
6976,14635176.196666667
6977,2592437.85
6978,6532970.866666666
6979,35727362.876666665
6980,12467095.173333334
6981,5425383.806666667
6982,20459711.566666666
6983,1131578.0766666667
6984,91821619.52
6985,321764742.92
6986,29334551.363333333
6987,10219862.413333334
6988,12154475.446666667
6989,5117715.52
6990,820728321.1766666
6991,13193421.806666667
6992,1032776.3766666667
6993,13874153.306666667
6994,10101215.476666667
6995,21296099.39666667
6996,109197290.12
6997,429234.98333333334
6998,12896173.656666666
6999,121532140.21666667
7000,2918247.2533333334
7001,5356198.156666666
7002,9680788.69
7003,15348860.21
7004,79782066.79333334
7005,18299647.63
7006,1099395.7466666666
7007,7350158.62
7008,123094689.48333333
7009,12409011.626666667
7010,4386893.893333334
7011,6165112.953333333
7012,6224620.376666667
7013,5937181.263333334
7014,5906318.826666667
7015,181320355.87666667
7016,240637941.78333333
7017,25149905.96
7018,17512040.09
7019,143062716.07333332
7020,43698020.623333335
7021,38603562.81
7022,50420589.47666667
7023,74013918.95
7024,8915691.043333333
7025,12791539.183333334
7026,238508804.54666665
7027,70965988.56333333
7028,6436920.466666667
7029,22439288.75
7030,32500858.416666668
7031,86143077.81333333
7032,15216350.1
7033,20066118.696666665
7034,1887830.8366666667
7035,15856149.36
7036,1112692.6666666667
7037,12656613.856666667
7038,1601925.6266666667
7039,119636265.28333333
7040,22647961.053333335
7041,80211526.80333333
7042,74816792.64666666
7043,455125.41
7044,11071303.313333333
7045,6247744.766666667
7046,66794258.04333334
7047,174102682.58333334
7048,22699705.653333332
7049,32463579.39666667
7050,82866.93666666666
7051,14818950.566666666
7052,73548544.69666667
7053,94441527.01333334
7054,82332299.15666667
7055,75068449.22
7056,311474908.33
7057,11138640.42
7058,6261780.43
7059,80635738.52333333
7060,11789350.563333333
7061,14002913.273333333
7062,29726478.8
7063,252114.35
7064,120258230.34333333
7065,36405336.57
7066,7520443.576666667
7067,1190067.89
7068,59468264.46666667
7069,10171132.576666666
7070,143696958.13666666
7071,247953555.12666667
7072,600631.28
7073,16654168.59
7074,1626434.95
7075,66811986.02333333
7076,148446457.15
7077,22625185.266666666
7078,36801129.46666667
7079,20178170.253333334
7080,12794485.526666667
7081,689905.6166666667
7082,1023002.4133333333
7083,299812.2133333333
7084,17241741.94
7085,11049113.936666667
7086,1765291.5266666666
7087,206570911.92
7088,94526131.73333333
7089,409031.00333333336
7090,13119797.513333334
7091,11417234.57
7092,709550559.0133333
7093,46422771.17666667
7094,20592509.06
7095,2967209.84
7096,131507928.71666667
7097,152308421.54666665
7098,41531373.81333333
7099,95024630.48
7100,8934303.143333333
7101,67256794.24
7102,1291386.2133333334
7103,4968458.483333333
7104,3428173.9766666666
7105,130862869.87666667
7106,40807649.78
7107,38159800.64333333
7108,24949584.25
7109,72063204.45
7110,183214.75
7111,20864349.57
7112,317520526.3333333
7113,220330736.66666666
7114,17341010.07
7115,28143119.48666667
7116,18542836.756666668
7117,325543.48333333334
7118,25205872.963333335
7119,38719152.28
7120,1814094.7866666666
7121,4715950.826666667
7122,1203994.8133333332
7123,1402447.4
7124,902748432.8866667
7125,91420942.25
7126,608336696.9033333
7127,28898298.536666665
7128,7910585.516666667
7129,8257295.743333333
7130,10541001.266666668
7131,13602678.14
7132,79530587.97666667
7133,146946467.49333334
7134,86787526.97
7135,113928223.10666667
7136,35360589.24666667
7137,10398165.723333333
7138,8907904.373333333
7139,2336476.5633333335
7140,179320538.83
7141,52795.82
7142,16287263.66
7143,48940304.983333334
7144,2019084.87
7145,25896987.846666668
7146,1233551.1433333333
7147,21717894.19333333
7148,64136020.63333333
7149,15963276.786666667
7150,13230284.426666666
7151,8023650.61
7152,119959669.24
7153,2125543.2133333334
7154,26166254.676666666
7155,345322617.64
7156,31992104.323333334
7157,122331909.77
7158,1228000.52
7159,808088.19
7160,67304.40333333334
7161,79305426.43666667
7162,471261020.00333333
7163,18833353.653333332
7164,673242.95
7165,173748660.28666666
7166,8210256.12
7167,1357592.25
7168,1204981.65
7169,17746740.383333333
7170,3377312.0033333334
7171,23436396.546666667
7172,10412671.603333334
7173,20377869.3
7174,1682201.73
7175,12517951.25
7176,62424680.56
7177,85885096.52666667
7178,40993375.06333333
7179,116110509.96333334
7180,1801203.8333333333
7181,4653904.94
7182,71998661.79
7183,1481104.33
7184,1369548128.4066668
7185,22031972.036666665
7186,38363918.54
7187,138914989.85
7188,104169411.03666666
7189,19385387.316666666
7190,6797092.783333333
7191,73258.73
7192,8521351.646666666
7193,22879803.86
7194,340906704.03
7195,43644492.53
7196,55849385.20333333
7197,14373835.906666666
7198,11537695.26
7199,46393434.93666667
7200,81891450.44666667
7201,4216392.92
7202,24940657.973333333
7203,613563.26
7204,57056245.29666667
7205,212092782.75666666
7206,39805875.22666667
7207,549754182.68
7208,17577029.703333333
7209,6554157.443333333
7210,670435.9533333334
7211,1207844.83
7212,25491781.643333334
7213,37785274.72333334
7214,302641869.01
7215,356168700.84
7216,166095574.68
7217,1177079.54
7218,44582765.19
7219,10899862.343333334
7220,64923050.01
7221,16213066.566666666
7222,106412979.11
7223,12980644.06
7224,6435869.493333333
7225,529420.3633333333
7226,47714820.343333334
7227,133231384.69
7228,167473290.81333333
7229,25025887.116666667
7230,2718324.9433333334
7231,19377201.506666668
7232,242100067.34333333
7233,163756961.62333333
7234,229191530.91333333
7235,50209788.093333334
7236,179420548.78666666
7237,12567796.95
7238,4887817.0
7239,1211144131.7366667
7240,20472657.446666665
7241,212642932.2
7242,77877197.97
7243,17887914.303333335
7244,55229260.29666667
7245,1703661.6333333333
7246,971049.68
7247,217494945.17
7248,119480593.16666667
7249,23063764.533333335
7250,578389.1033333334
7251,29830979.436666667
7252,16667075.5
7253,19696736.963333335
7254,71915798.36333333
7255,994322.6333333333
7256,24758323.703333333
7257,4800233.953333333
7258,22558235.866666667
7259,13979648.893333333
7260,248891.28
7261,616508378.9133333
7262,61386.43666666667
7263,99017176.75666666
7264,3778291.07
7265,1044404.04
7266,86833716.11333333
7267,585873.6633333333
7268,5458687.516666667
7269,119703788.67
7270,148281147.10333332
7271,2969863.6
7272,72693483.29666667
7273,3471722.3366666664
7274,7869952.5
7275,22218833.576666668
7276,10857734.54
7277,159243284.33
7278,602559966.3333334
7279,100321585.69333333
7280,90348670.02333333
7281,33743938.943333335
7282,30434647.89666667
7283,164158860.33333334
7284,80794.85
7285,85992310.02
7286,211947225.32333332
7287,4158288.49
7288,13261258.46
7289,96701258.41333333
7290,11174142.276666667
7291,80725809.30666667
7292,3570564.2266666666
7293,18536130.59
7294,12755848.653333334
7295,68799524.57666667
7296,1578334.18
7297,52144894.89333333
7298,2240234.486666667
7299,9451076.283333333
7300,2443335.7
7301,49230785.31666667
7302,4247527.34
7303,1896794.35
7304,16286539.706666667
7305,13107749.35
7306,716225302.9533334
7307,1410538.13
7308,4191702.6766666668
7309,32639797.183333334
7310,12535632.833333334
7311,6573229.716666667
7312,97975924.97
7313,286814750.56666666
7314,15626650.49
7315,15891670.456666667
7316,9748048.54
7317,14433645.326666666
7318,96194522.91666667
7319,2113924.0166666666
7320,709220578.8033333
7321,1191973.23
7322,7284281.626666667
7323,42897845.28666667
7324,4534007.163333333
7325,244420525.02666667
7326,244522169.72666666
7327,4532469.85
7328,33519283.19333333
7329,143949608.79
7330,289097411.23
7331,179900620.49333334
7332,97214839.92333333
7333,125119175.46
7334,9596704.326666666
7335,75737951.34666666
7336,166327425.74666667
7337,16814012.576666668
7338,57303859.54
7339,42754139.513333336
7340,13878635.983333332
7341,225551.42
7342,97140672.99666667
7343,4362538.8
7344,50400839.193333335
7345,5399773.03
7346,5546554.22
7347,16472491.113333333
7348,10340197.37
7349,45761722.95666666
7350,15354579.05
7351,50390584.22666667
7352,33563.13333333333
7353,6427553.783333333
7354,2017885.5966666667
7355,49885319.61333334
7356,40326801.21
7357,6279650.493333333
7358,23389722.773333333
7359,67968750.80666667
7360,33138886.686666667
7361,96906.84333333334
7362,190034848.14
7363,657774910.0366666
7364,2315443.36
7365,68059657.91666667
7366,41490223.656666666
7367,1936583.36
7368,41591430.093333334
7369,20854500.02
7370,125154351.77
7371,682512.7566666667
7372,122305229.99333334
7373,753047344.77
7374,54812760.02
7375,47608906.873333335
7376,938778.45
7377,54696833.14666667
7378,98753421.26
7379,86188440.84333333
7380,10114951.97
7381,5225481.26
7382,12962162.746666666
7383,172621.66666666666
7384,18381294.75
7385,20249312.613333333
7386,49495505.31666667
7387,1067591.5833333333
7388,559559.0933333334
7389,1582387.2233333334
7390,159589.16
7391,13232146.213333333
7392,9859436.546666667
7393,639696794.1933334
7394,96851706.48
7395,69319666.12666667
7396,34818667.39
7397,74344592.68
7398,5648737.23
