id,revenue
3001,52147047.696666665
3002,5478174.62
3003,68077609.29666667
3004,23265802.803333335
3005,1981673.2
3006,12375978.66
3007,4249523.92
3008,57960878.62
3009,40140367.556666665
3010,379816243.72
3011,811941.34
3012,2601357.06
3013,63979515.97
3014,1100805.83
3015,38537455.86
3016,1539441.7833333334
3017,133857397.71666667
3018,168216203.57333332
3019,33394497.97
3020,716025454.08
3021,25352293.386666667
3022,35789762.47333334
3023,475288.92333333334
3024,22107328.48666667
3025,631277.73
3026,87416298.30333333
3027,10883033.77
3028,57643487.016666666
3029,2093716.6233333333
3030,32516003.98666667
3031,5817215.22
3032,9742092.066666666
3033,650745.48
3034,1913537.8266666667
3035,7696432.933333334
3036,6679255.953333333
3037,113091432.33333333
3038,15129441.763333334
3039,31617710.98
3040,1240355.55
3041,17116907.623333335
3042,1551769.98
3043,13176535.73
3044,9469630.72
3045,383568861.3333333
3046,3826651.9166666665
3047,8975712.42
3048,35308949.696666665
3049,86633881.44666667
3050,68801650.09
3051,2709641.2066666665
3052,37835956.13333333
3053,90626.81333333334
3054,8709672.08
3055,128420119.84
3056,871286.9333333333
3057,94771133.51
3058,819317966.45
3059,3566646.236666667
3060,136629807.58
3061,74823305.18
3062,130505069.75
3063,81439274.02666667
3064,225556793.55333334
3065,49280756.44
3066,122466714.52666667
3067,3140779.77
3068,80373827.39333333
3069,308168908.6066667
3070,3008135.87
3071,3604344.0566666666
3072,765943918.0966667
3073,1082672.9666666666
3074,3029688.67
3075,11339665.003333334
3076,283465562.62
3077,48790530.68
3078,149274968.62333333
3079,72891329.98333333
3080,195654172.19333333
3081,27423626.34
3082,19441446.933333334
3083,4726903.216666667
3084,1013067.3933333333
3085,22113211.343333334
3086,112225595.56
3087,275281.4166666667
3088,670227.6066666667
3089,829712.0333333333
3090,35168117.89
3091,25249074.99
3092,8356256.64
3093,204984340.79
3094,174796628.12666667
3095,51913358.516666666
3096,1064894.5
3097,881389827.5
3098,18219913.21
3099,62496598.49666667
3100,6175187.65
3101,19216934.756666668
3102,7869625.226666667
3103,2455097.07
3104,1717354.4333333333
3105,133788078.93666667
3106,30629276.633333333
3107,40430813.663333334
3108,11194373.05
3109,14267582.34
3110,614873435.01
3111,2463171.6466666665
3112,774179.3033333333
3113,8428179.633333333
3114,8179882.233333333
3115,12621335.816666666
3116,16457205.333333334
3117,772865.5166666667
3118,1291601.1366666667
3119,174416601.48666668
3120,284507769.65
3121,4283860.28
3122,8486280.663333334
3123,15934261.533333333
3124,4608462.966666667
3125,2821166.0233333334
3126,39982644.63333333
3127,13691475.943333333
3128,51768892.123333335
3129,252617887.09666666
3130,35580994.11666667
3131,1258287.8766666667
3132,7590074.376666667
3133,3425630.1566666667
3134,15012818.17
3135,1894936.3266666667
3136,11392451.966666667
3137,149927376.10333332
3138,356035.3933333333
3139,33771552.77333333
3140,111324463.01
3141,12896824.163333334
3142,2894682.1
3143,174859622.07333332
3144,12804004.406666666
3145,182628480.50333333
3146,1451732.0333333334
3147,8802399.37
3148,1587356.3
3149,107134119.43666667
3150,133988677.95666666
3151,12892703.28
3152,10926296.09
3153,5478745.2
3154,4993135.633333334
3155,72905841.01333334
3156,9716461.013333334
3157,8812488.726666667
3158,139407795.70666668
3159,10705739.526666667
3160,16584441.91
3161,162802.46
3162,8835997.693333333
3163,124316239.28666666
3164,11078925.833333334
3165,393094.76666666666
3166,744462.71
3167,67640520.34333333
3168,1897446.8266666667
3169,27069436.956666667
3170,18996689.60333333
3171,66007042.64666667
3172,49606960.28
3173,225180.80333333334
3174,1616728.61
3175,27561582.08
3176,42876342.013333336
3177,80069110.22
3178,6868691.543333333
3179,8760368.523333333
3180,10439021.546666667
3181,1155295.11
3182,365238413.15
3183,37423792.78333333
3184,34488261.43333333
3185,32077264.956666667
3186,64606358.48
3187,12443623.213333333
3188,18266533.493333332
3189,68624905.68666667
3190,176877087.01333332
3191,18904574.33
3192,15863803.166666666
3193,326692804.0133333
3194,57762939.163333334
3195,149955.03666666665
3196,5925970.3
3197,16220413.353333334
3198,255438052.98333332
3199,308424361.1566667
3200,10652605.103333334
3201,46063475.85333333
3202,15174752.063333333
3203,651401.4433333334
3204,2832437.87
3205,2740528.2333333334
3206,9358578.18
3207,42242447.74333333
3208,5221145.12
3209,5769480.56
3210,505335197.1766667
3211,4819469.546666667
3212,37386426.82666667
3213,48692955.79666667
3214,8066191.11
3215,7768529.406666666
3216,3539864.76
3217,386388815.2966667
3218,15436425.856666667
3219,5510372.693333333
3220,326742277.37333333
3221,9149743.51
3222,5718911.51
3223,18754483.243333332
3224,3579743.03
3225,6056023.306666667
3226,1601998.1266666667
3227,116153797.96
3228,238916104.02666667
3229,109234263.76
3230,51086697.52333333
3231,50308341.586666666
3232,35355434.35
3233,3314337.93
3234,3352357.31
3235,99982495.02333333
3236,974561.67
3237,13115819.986666666
3238,1438191.0266666666
3239,839911.09
3240,308325543.74333334
3241,759712.8533333334
3242,7531929.666666667
3243,3088901.0766666667
3244,2531129.22
3245,3085991.3066666666
3246,83804508.63333334
3247,18191755.996666666
3248,84287677.94666667
3249,12331229.053333333
3250,245556457.18666667
3251,3475420.4233333333
3252,9597519.966666667
3253,90270026.72666667
3254,4516895.4366666665
3255,217952.78333333333
3256,19546882.746666666
3257,7947789.893333334
3258,195415472.7
3259,22178138.793333333
3260,2207064.696666667
3261,621305682.7666667
3262,31992760.01
3263,2052791.99
3264,224597.57333333333
3265,317564.0133333333
3266,331279.77
3267,20226329.706666667
3268,81018.90666666666
3269,67456863.25
3270,45220713.20333333
3271,3521064.42
3272,1154600.8166666667
3273,14102089.95
3274,735517903.86
3275,25586530.446666665
3276,4013004.6366666667
3277,13269043.68
3278,88432231.23666666
3279,27220540.4
3280,471961294.4533333
3281,97228.54333333333
3282,3770531.77
3283,264374321.94333333
3284,35862060.50666667
3285,49961017.6
3286,1707136.9133333333
3287,4878837.46
3288,23691230.583333332
3289,50506910.45333333
3290,73338108.38666667
3291,159234637.61333334
3292,203535183.90333334
3293,88556297.21666667
3294,7516559.17
3295,7987162.883333334
3296,5381964.226666667
3297,8574266.643333333
3298,95756379.59333333
3299,8993665.52
3300,31826347.4
3301,73352.37
3302,5329938.07
3303,4051362.3266666667
3304,17570449.22
3305,71799613.21333334
3306,1071078.3166666667
3307,49886380.05
3308,8938552.556666667
3309,6118508.486666666
3310,14821269.443333333
3311,13661560.843333334
3312,39580605.20666666
3313,81810301.88666667
3314,47809511.583333336
3315,86793652.91333333
3316,15293073.616666667
3317,1606908.25
3318,1807904.9466666668
3319,7951077.493333333
3320,25513603.11
3321,10333916.493333334
3322,6025729.743333333
3323,219826301.74333334
3324,6493883.256666667
3325,98245899.04666667
3326,379646040.25
3327,67343156.26
3328,14849828.406666666
3329,6906113.473333334
3330,93528086.31333333
3331,3799244.01
3332,48740023.27
3333,273513363.13
3334,11577815.316666666
3335,62501008.263333336
3336,15553738.84
3337,124261.43333333333
3338,22816320.83
3339,4316207.09
3340,154863770.64
3341,12809205.703333333
3342,119431028.24333334
3343,70915089.65
3344,843063.23
3345,11193841.013333334
3346,39624987.13333333
3347,71844.32
3348,33403451.94333333
3349,70916659.76
3350,290785479.2633333
3351,38768029.27
3352,4628292.97
3353,77322243.38666667
3354,6762292.17
3355,955470.4
3356,32628133.5
3357,1145953.68
3358,9457298.633333333
3359,16828075.773333333
3360,18518683.433333334
3361,135939509.16333333
3362,15519413.826666666
3363,8136801.093333334
3364,13159058.07
3365,1093728.1133333333
3366,114106417.54333334
3367,143932046.03
3368,2764160.6733333333
3369,33051707.983333334
3370,84611862.59
3371,35905665.5
3372,11651982.203333333
3373,124784628.56333333
3374,5274815.153333333
3375,94104962.15666667
3376,19149404.476666667
3377,15896468.933333334
3378,16998015.463333335
3379,148571789.90666667
3380,42397140.38
3381,6354651.623333333
3382,920410.3133333334
3383,1345880.7133333334
3384,75641249.65
3385,180752540.88
3386,3361154.203333333
3387,1675949.05
3388,123133552.71666667
3389,1269397207.6366668
3390,15744105.756666666
3391,15660288.25
3392,9750352.293333333
3393,2124872.65
3394,157523447.68666667
3395,149329823.57333332
3396,28635526.876666665
3397,139045.37
3398,439478143.47333336
3399,88285473.49
3400,18896147.19333333
3401,2794824.6433333335
3402,1291645.44
3403,315156586.9066667
3404,28452977.553333335
3405,25320853.54
3406,254461217.06
3407,226423345.59666666
3408,15596748.436666667
3409,403766.5833333333
3410,45830451.123333335
3411,45705330.20666666
3412,8861556.226666667
3413,21700356.89666667
3414,17193343.77
3415,15612951.126666667
3416,75561749.48666666
3417,71986001.77
3418,46243928.483333334
3419,331209247.26
3420,1218365.5233333334
3421,50292173.23
3422,3323413.43
3423,414103139.48
3424,1239650.0966666667
3425,26460232.42
3426,22419689.326666668
3427,20196986.8
3428,9620020.186666667
3429,45948973.82333333
3430,1064494008.95
3431,3852928.34
3432,9957784.53
3433,10681904.09
3434,13560902.866666667
3435,384190389.44
3436,169318054.05666667
3437,20144319.113333333
3438,18830686.773333333
3439,54099200.96333333
3440,52292522.02333333
3441,77346748.4
3442,543491.9233333333
3443,3253980.1433333335
3444,4631655.913333333
3445,122813582.98333333
3446,632353.36
3447,14497975.303333333
3448,38548333.96333333
3449,5190184.17
3450,62580985.22333334
3451,52049275.3
3452,28826670.51333333
3453,103926100.4
3454,16668987.67
3455,5009517.88
3456,184040107.72666666
3457,45450912.67
3458,11763839.81
3459,820740373.36
3460,12581042.87
3461,9856684.936666667
3462,16320400.42
3463,52606990.21666667
3464,815226.7766666666
3465,85524674.35333334
3466,33812040.52
3467,13613354.896666666
3468,134432575.75
3469,47510146.123333335
3470,109845.39
3471,65503238.123333335
3472,455891.86666666664
3473,51617956.21666667
3474,62206114.45
3475,281291953.1933333
3476,6678238.62
3477,32502600.086666666
3478,6501717.803333334
3479,216764520.64666668
3480,10210277.263333334
3481,14873152.026666667
3482,883667.0033333333
3483,1650367.96
3484,5763785.343333334
3485,99672710.68666667
3486,154614346.06
3487,110111014.82333334
3488,245049276.33
3489,30541997.82
3490,11652091.883333333
3491,24985150.983333334
3492,1842687.86
3493,34315206.553333335
3494,10196742.056666667
3495,131743464.41
3496,3318647.69
3497,48228181.99333333
3498,47109850.17
3499,21070288.226666667
3500,2465975.7933333335
3501,83749783.01
3502,84066448.43666667
3503,17388831.60333333
3504,76308804.73666666
3505,4864489.19
3506,78134493.30666667
3507,204268686.31666666
3508,17705692.73666667
3509,27706201.64666667
3510,13896128.993333334
3511,53726980.72
3512,227113146.06666666
3513,16838251.826666668
3514,15477879.426666666
3515,947333.02
3516,89377054.11666666
3517,779544551.8433334
3518,21676868.78
3519,7955387.62
3520,3958472.99
3521,2584929.743333333
3522,12031634.613333333
3523,19206502.26
3524,135988760.57333332
3525,172756096.55
3526,17607893.766666666
3527,50307290.10666667
3528,900973.2933333333
3529,747847773.82
3530,39711504.14333333
3531,75784189.13333334
3532,215589828.24666667
3533,18482867.41
3534,26146686.913333334
3535,280769201.31333333
3536,9031228.516666668
3537,73728608.59333333
3538,95955761.65666667
3539,33610432.8
3540,18735516.856666666
3541,23069672.26
3542,8384342.793333333
3543,946236.4233333333
3544,51704962.5
3545,466942.2233333333
3546,3103309.2133333334
3547,111416013.74
3548,920497929.2733333
3549,1905697.8033333332
3550,601246674.34
3551,245879479.07666665
3552,127676210.25
3553,27117976.47
3554,189650920.02
3555,254462915.33666667
3556,46353235.873333335
3557,18704347.093333334
3558,265387797.31666666
3559,57098209.60333333
3560,15749333.73
3561,75928983.76666667
3562,1511489.5133333334
3563,14448346.47
3564,837595.4733333334
3565,10378765.75
3566,60587574.92666667
3567,15531737.09
3568,2232983.31
3569,167437579.42333335
3570,1067849.5366666666
3571,34963265.663333334
3572,204081825.34
3573,12207949.516666668
3574,13785977.576666666
3575,7089086.82
3576,19157295.55
3577,20447979.383333333
3578,209358137.93666667
3579,32819913.873333335
3580,17078970.786666665
3581,1483330.0133333334
3582,120137301.88
3583,1003639.2033333334
3584,45025771.82
3585,47117290.20666666
3586,41185363.32333333
3587,8296363.273333333
3588,911654.2
3589,30396840.85333333
3590,28984557.266666666
3591,704403144.8633333
3592,1541073.38
3593,2226984.493333333
3594,12090755.946666667
3595,14287499.493333334
3596,31538737.716666665
3597,22705204.903333332
3598,39915459.63333333
3599,13351591.506666666
3600,5898691.88
3601,3351326.6466666665
3602,3402611.22
3603,15114075.743333334
3604,5306256.953333333
3605,137353963.66333333
3606,1634176.1933333334
3607,73575314.51666667
3608,165321252.56333333
3609,603067.5166666667
3610,20988697.843333334
3611,300079.43
3612,4832234.01
3613,7303417.483333333
3614,121046851.74666667
3615,107718725.02
3616,137400631.42333335
3617,9771773.756666666
3618,94809475.24
3619,946522.4433333334
3620,174198347.96
3621,230092796.05
3622,579405516.43
3623,100731445.50666666
3624,441283.7133333333
3625,2738412.703333333
3626,26181064.0
3627,51690098.403333336
3628,472050153.58666664
3629,917111.1533333333
3630,5163432.273333333
3631,119343529.2
3632,40359680.77333333
3633,100621838.38333334
3634,745080.0633333334
3635,3153895.743333333
3636,42385764.35
3637,2000056.8733333333
3638,33089000.053333335
3639,153520435.21333334
3640,217410981.08666667
3641,1349084.46
3642,1489340.0766666667
3643,7285753.8966666665
3644,2807179.0933333333
3645,20058604.106666666
3646,7281768.283333333
3647,19739861.33
3648,8406101.206666667
3649,8379266.276666666
3650,4422186.74
3651,768505248.5633334
3652,37714974.45
3653,523538057.1433333
3654,14850977.636666667
3655,16976787.303333335
3656,54012001.56333333
3657,52426.92333333333
3658,8639918.996666666
3659,70449544.25333333
3660,312512526.9866667
3661,49282056.24666667
3662,35360900.123333335
3663,524882326.24
3664,1407286.76
3665,700672.6766666666
3666,9693486.486666666
3667,183501476.36333334
3668,34543913.56666667
3669,1744747.56
3670,81014518.45333333
3671,49995260.766666666
3672,2748906.64
3673,120533707.26
3674,13037893.123333333
3675,650298121.65
3676,196182567.37
3677,33496421.4
3678,32976675.63
3679,62584253.49666667
3680,5733230.036666667
3681,13131214.936666667
3682,140587151.54
3683,7696182.043333333
3684,87961449.33333333
3685,154745703.73333332
3686,15978021.406666666
3687,182022162.3
3688,7208454.33
3689,584126.5
3690,101731631.81333333
3691,2366699.473333333
3692,3029512.26
3693,134260939.93666667
3694,97810259.06333333
3695,87361968.07333334
3696,51569164.46666667
3697,20655349.523333333
3698,59714621.55
3699,14131126.93
3700,33033139.87
3701,32517315.69333333
3702,399668.3233333333
3703,92415137.22666667
3704,86916454.35333334
3705,1477299.9733333334
3706,48605243.36666667
3707,1123888.9133333333
3708,8407587.573333334
3709,241000590.65333334
3710,20285293.76
3711,853511.7466666667
3712,63260722.70333333
3713,8516844.813333333
3714,5733231.48
3715,54978122.77333333
3716,5896196.206666667
3717,123013.7
3718,8801613.01
3719,53304396.59
3720,14640691.443333333
3721,2505726.3133333335
3722,65475577.87
3723,2071832.65
3724,4960540.593333334
3725,30285192.78
3726,10511029.09
3727,113923755.20333333
3728,125325696.51666667
3729,19358956.426666666
3730,126338395.99333334
3731,151759967.94333333
3732,368048.54
3733,331013877.8933333
3734,583055291.4533334
3735,12380030.426666666
3736,10552606.08
3737,20601498.98
3738,118099.87666666666
3739,8236104.45
3740,9216801.916666666
3741,3537209.56
3742,122785736.05666667
3743,57828061.32333333
3744,157339293.81666666
3745,49043521.96
3746,253659200.38333333
3747,356136.0266666667
3748,726505.9833333333
3749,19549997.446666665
3750,5996218.37
3751,5396511.77
3752,509158.38666666666
3753,14052242.62
3754,32645614.523333333
3755,82425355.77333333
3756,14238369.976666667
3757,499165888.06666666
3758,194711692.27333334
3759,5353975.816666666
3760,189760053.96333334
3761,41783396.37
3762,302180261.83666664
3763,6137750.806666667
3764,26837360.31
3765,1808734.7266666666
3766,1411114.4433333334
3767,18149595.363333333
3768,23434283.346666668
3769,3156171.12
3770,2924341.303333333
3771,27353255.246666666
3772,16960641.623333335
3773,14541036.003333334
3774,16815769.98666667
3775,122595092.2
3776,77994358.7
3777,951409.84
3778,185338.86333333334
3779,30052289.283333335
3780,399153.0233333333
3781,15542088.933333334
3782,2501670.7266666666
3783,33317212.166666668
3784,7579381.026666666
3785,470488947.1566667
3786,14364586.483333332
3787,167730879.73
3788,517021322.68
3789,24766799.18
3790,2993380.783333333
3791,7887592.1
3792,65142.526666666665
3793,3336066.7933333335
3794,825917.0766666667
3795,450881292.46
3796,9018227.356666667
3797,8646826.706666667
3798,154258196.54666665
3799,7642783.803333334
3800,1186752.5333333334
3801,61381803.013333336
3802,594998.7433333333
3803,13255744.546666667
3804,524148.25666666665
3805,9330362.96
3806,100954510.02333333
3807,9126911.97
3808,1684714.3033333332
3809,36434500.266666666
3810,8219115.773333333
3811,26756899.026666667
3812,5911875.993333333
3813,570684.9233333333
3814,1882766.0533333332
3815,143103608.56666666
3816,234089959.84
3817,263097183.85666665
3818,73933930.01666667
3819,46496857.13
3820,64278032.03666667
3821,23543360.143333334
3822,13207497.063333333
3823,26364806.543333333
3824,2872841.49
3825,15861707.253333334
3826,91757288.94
3827,64029847.11666667
3828,5528391.553333334
3829,252192.25333333333
3830,33188348.393333334
3831,472987.88
3832,149689250.75
3833,25415652.27
3834,3456249.65
3835,14271604.506666666
3836,2028098.14
3837,23955494.57
3838,51229280.06666667
3839,3369416.243333333
3840,54200692.79666667
3841,18099892.05
3842,13689786.91
3843,38004149.28333333
3844,1172588.9866666666
3845,735412.0466666666
3846,1045258.45
3847,1948312.7066666668
3848,1296261.6133333333
3849,142738694.79
3850,19668790.97
3851,60281760.10666667
3852,590831.6233333333
3853,139684543.41
3854,4144418.13
3855,931269.8866666667
3856,54408355.07
3857,657608263.0266666
3858,91413.57666666666
3859,26336451.686666667
3860,28199810.6
3861,37206548.66
3862,6415043.5633333335
3863,73697672.45333333
3864,74980264.09333333
3865,100234410.86666666
3866,6562374.976666667
3867,75502163.88
3868,5818133.676666667
3869,56192548.74666667
3870,118473262.02
3871,621881247.7833333
3872,53736789.403333336
3873,14954883.72
3874,88079.45333333334
3875,77267084.10666667
3876,1302066.74
3877,61786397.38
3878,360156921.91
3879,322073232.38
3880,5347124.1466666665
3881,78746.42666666667
3882,4329341.91
3883,1310408.1133333333
3884,769432617.9866667
3885,9437658.24
3886,26951620.933333334
3887,12229982.166666666
3888,25305132.82
3889,12568332.36
3890,170641702.22666666
3891,11417719.87
3892,13944222.693333333
3893,659244973.2366667
3894,111786956.62333333
3895,38044629.24666667
3896,18408937.496666666
3897,14553879.53
3898,33078898.953333333
3899,632808527.6433333
3900,112933922.38666667
3901,8233107.963333333
3902,2549643.3233333332
3903,14651758.516666668
3904,9942288.463333333
3905,8079816.456666667
3906,311561243.05
3907,11601619.536666667
3908,11043170.033333333
3909,247151.40666666668
3910,52129218.53
3911,972280.8033333333
3912,10185356.623333333
3913,90470709.82
3914,17552219.84
3915,259120400.01666668
3916,160142.09666666668
3917,11477394.973333333
3918,3419452.8466666667
3919,52114438.1
3920,46080775.153333336
3921,3970789.85
3922,17122810.673333332
3923,22675316.186666667
3924,26910007.493333332
3925,291498255.2
3926,2190793.06
3927,91396362.64666666
3928,115374978.11333333
3929,45921089.26
3930,5779072.69
3931,1725590.3166666667
3932,11022093.6
3933,19421682.473333333
3934,57682279.44
3935,359174.56
3936,4438466.993333333
3937,150952583.29
3938,4984621.18
3939,95101958.53666666
3940,732188.4833333333
3941,15301837.243333334
3942,290145371.29333335
3943,949665808.31
3944,15480938.26
3945,113548761.58333333
3946,5622267.046666667
3947,85083234.63
3948,11328486.033333333
3949,109784845.66333333
3950,1982912.0566666666
3951,20751938.433333334
3952,50121870.06
3953,197377486.26
3954,719863334.6366667
3955,10974267.383333333
3956,105001691.01333334
3957,17543675.73666667
3958,4642249.723333334
3959,11926255.713333333
3960,1123386.3133333332
3961,59366703.416666664
3962,3446056.966666667
3963,13460189.52
3964,1018020903.4133333
3965,99472936.78666666
3966,8057305.136666667
3967,410272539.47333336
3968,46554254.54666667
3969,27858577.583333332
3970,33421370.60333333
3971,11833378.56
3972,42385070.696666665
3973,30179220.38
3974,403866.68666666665
3975,224311766.93
3976,94908014.41333333
3977,108099007.74333334
3978,254058679.35
3979,53859260.79
3980,1106827.0566666666
3981,621779.44
3982,2765573.6466666665
3983,29075079.006666668
3984,296636191.6066667
3985,1793494.5966666667
3986,792045345.86
3987,39940104.77333333
3988,6185361.633333334
3989,30724476.776666667
3990,46449470.35666667
3991,2071854.0433333332
3992,32342354.703333333
3993,14220554.563333333
3994,56361468.14333333
3995,49314134.343333334
3996,87429630.13666667
3997,3200918.16
3998,118956905.43666667
3999,4440500.136666667
4000,54534174.29666667
4001,14633074.506666666
4002,279957569.4533333
4003,128556.63333333333
4004,52473360.13666666
4005,922050.92
4006,31200448.883333333
4007,779661.0666666667
4008,12969219.893333333
4009,22031488.94
4010,1187244.8733333333
4011,14852635.943333333
4012,139074114.35666665
4013,80863485.00333333
4014,308536.7766666667
4015,52022428.98
4016,16550423.66
4017,4237566.65
4018,31489901.13
4019,419137970.37333333
4020,21319007.593333334
4021,95759275.86666666
4022,20362010.796666667
4023,206484234.88666666
4024,74246637.98666666
4025,327718.3566666667
4026,53056154.733333334
4027,73819084.52
4028,5927867.623333333
4029,117727.27333333333
4030,30239513.733333334
4031,144107096.38333333
4032,1057350.37
4033,281854.21
4034,448323.36
4035,52684558.47666667
4036,4241571.19
4037,38681959.123333335
4038,9290232.156666666
4039,51263734.05
4040,10506965.9
4041,5096454.516666667
4042,37000038.58
4043,4782270.273333333
4044,104926419.95333333
4045,113346302.48666666
4046,19225764.226666667
4047,777799933.4533334
4048,1625279.5466666666
4049,565613.1266666667
4050,1783535.7866666666
4051,704641161.6766666
4052,13998822.663333334
4053,1836997.8966666667
4054,879970.2033333334
4055,3632521.7933333335
4056,4404654.023333333
4057,1833574.69
4058,13644408.85
4059,1912760.86
4060,47238512.81666667
4061,254801008.55333334
4062,25971176.15
4063,6461546.573333333
4064,532497538.3566667
4065,109394910.26666667
4066,5280403.716666667
4067,22151469.966666665
4068,15222884.906666666
4069,8378635.46
4070,122445241.28
4071,3638968.256666667
4072,20323826.446666665
4073,244992020.69666666
4074,438093.2
4075,9847202.823333334
4076,94801074.54
4077,439044602.4866667
4078,8455643.736666666
4079,131500605.87666667
4080,3470322.473333333
4081,10095562.853333334
4082,149588275.12666667
4083,79883157.25666666
4084,235430.77666666667
4085,51224163.906666666
4086,252353391.53
4087,1655810.2566666666
4088,47545087.21
4089,20050412.75
4090,5843563.47
4091,160028296.62333333
4092,152663186.45333335
4093,46604316.696666665
4094,30540143.74
4095,181096918.35
4096,31029289.53
4097,79637825.29666667
4098,1166976.0933333333
4099,7945771.023333333
4100,50088231.25333333
4101,49820250.92
4102,7052679.613333333
4103,60260439.25666667
4104,8397693.553333333
4105,480837.01666666666
4106,8276298.833333333
4107,206258.36666666667
4108,21371097.256666668
4109,393456.88
4110,24849090.826666668
4111,2866676.49
4112,34480433.71666667
4113,2909714.723333333
4114,393406392.12333333
4115,9103223.353333334
4116,9315227.693333333
4117,16753867.193333333
4118,24698736.776666667
4119,64766341.81333333
4120,2056846.6766666668
4121,12565694.066666666
4122,124825572.94
4123,16562075.656666666
4124,49700017.43
4125,19184036.713333335
4126,10648820.796666667
4127,5326894.856666666
4128,22410466.023333333
4129,2676311.5766666667
4130,5431231.493333333
4131,133620555.01666667
4132,150468701.84666666
4133,37234935.60333333
4134,15596614.84
4135,9270303.29
4136,504789804.8333333
4137,3526265.23
4138,43972775.306666665
4139,19246998.266666666
4140,6354255.156666666
4141,4977702.726666667
4142,90142882.41666667
4143,46198309.986666664
4144,4485131.666666667
4145,101106059.44
4146,4682969.836666667
4147,94678.14666666667
4148,26105320.49
4149,15211219.36
4150,2298247.026666667
4151,4291170.54
4152,57870669.596666664
4153,109815347.93666667
4154,4976492.253333333
4155,19011332.1
4156,2072148.6266666667
4157,1730748.5233333334
4158,3919124.736666667
4159,74528561.79333334
4160,392962105.50333333
4161,9058477.89
4162,26063173.51333333
4163,296451383.45666665
4164,5413472.75
4165,6680092.07
4166,3699394.216666667
4167,187968804.91
4168,3071450.6766666668
4169,16427508.3
4170,19235518.803333335
4171,95201358.65333334
4172,112697153.30666667
4173,10118733.113333333
4174,4838998.35
4175,12772037.856666667
4176,15813071.1
4177,945604.87
4178,506845735.08
4179,1048960.3666666667
4180,97148859.77333333
4181,16546578.553333333
4182,6760589.55
4183,58782868.61666667
4184,15308003.366666667
4185,3736792.2066666665
4186,21364322.42
4187,33039408.216666665
4188,11113198.5
4189,8020226.213333333
4190,64770.39333333333
4191,720532.4766666667
4192,727831.53
4193,532071305.5
4194,214172039.16
4195,15176822.766666668
4196,15101140.61
4197,24773797.376666665
4198,776804.1533333333
4199,31210784.55666667
4200,70587304.1
4201,38099587.653333336
4202,209328822.64333335
4203,19419759.31
4204,30180466.076666668
4205,3719223.4233333333
4206,13847302.083333334
4207,526745138.1666667
4208,674864711.8966666
4209,52650074.74333333
4210,88727196.08333333
4211,29003402.01333333
4212,389130424.49
4213,4155928.0633333335
4214,18310000.063333333
4215,5703577.356666666
4216,873279.21
4217,3319078.6866666665
4218,52067996.98
4219,11481174.79
4220,9748921.526666667
4221,248273.63
4222,416548.63333333336
4223,51130417.39333333
4224,7461601.183333334
4225,34326568.59
4226,87125525.43
4227,27838674.256666668
4228,777928.09
4229,88454943.91
4230,51241944.22
4231,1062935.9566666668
4232,52117169.093333334
4233,89212725.75333333
4234,11056094.516666668
4235,3568116.203333333
4236,1163430.3666666667
4237,1786237.82
4238,21112053.493333332
4239,153038154.09333333
4240,294262702.16
4241,287415349.4866667
4242,40714936.00666667
4243,513891.0233333333
4244,30332533.973333333
4245,3504433.8366666664
4246,2485604.43
4247,81094030.17
4248,17500833.766666666
4249,36544796.68666667
4250,22597198.26
4251,4082712.1933333334
4252,127784574.16333333
4253,52657715.843333334
4254,50503255.29333334
4255,20985672.23666667
4256,263461994.99
4257,133644418.95
4258,61907639.67666667
4259,9098940.836666666
4260,233730768.23666668
4261,1194511.51
4262,1265725.8466666667
4263,3483101.783333333
4264,541644730.1533333
4265,51746155.14666667
4266,16623702.053333333
4267,17904088.316666666
4268,14476749.866666667
4269,11256074.73
4270,419775392.00666666
4271,36698852.52333333
4272,266509.03
4273,52722623.50666667
4274,51765757.49333333
4275,7747669.056666667
4276,36043535.24
4277,73936752.01
4278,4053276.9133333336
4279,412217623.13
4280,346105.3566666667
4281,2878993.446666667
4282,67178494.25333333
4283,114980.59
4284,49420498.03666667
4285,2779548.76
4286,660637243.5633334
4287,7445360.443333333
4288,50671522.913333334
4289,100934768.25333333
4290,72622531.23333333
4291,8214544.386666667
4292,4197161.546666667
4293,4963797.843333334
4294,90979942.25
4295,153055462.17
4296,110690925.14666666
4297,94871906.82
4298,732904.7633333333
4299,10021737.636666667
4300,75569702.61
4301,3274044.1633333336
4302,9352532.866666667
4303,5837763.72
4304,11866893.973333333
4305,26689743.39
4306,14699387.506666666
4307,1069365.0166666666
4308,252658.17
4309,81842500.07666667
4310,755951.3533333334
4311,1083922.5
4312,72393681.00333333
4313,306790796.27
4314,13493333.903333334
4315,254140637.89
4316,276222220.93
4317,1259031.8433333333
4318,30399028.55666667
4319,841536.9066666666
4320,13597684.956666667
4321,61785256.27
4322,1306556.8333333333
4323,14301152.973333333
4324,10804969.22
4325,9893927.34
4326,19926725.783333335
4327,86687459.41666667
4328,9023843.993333334
4329,1904292.84
4330,1013301474.52
4331,54726766.486666664
4332,73404099.04333334
4333,2628025.52
4334,78278781.88666667
4335,101564613.88333334
4336,66336525.87
4337,88652.53333333334
4338,287909498.63666666
4339,156820665.02666667
4340,18142998.52
4341,17741924.836666666
4342,5015245.64
4343,23097964.086666666
4344,319641.79
4345,8404739.716666667
4346,81255883.95666666
4347,52326971.346666664
4348,173252.61333333334
4349,288156697.01666665
4350,7760140.076666667
4351,385270677.68333334
4352,3662479.23
4353,81051606.84
4354,25187658.7
4355,16130747.443333333
4356,2052033.51
4357,57519300.54
4358,12653595.633333333
4359,100815247.49
4360,54214521.00666667
4361,90238965.58666667
4362,5947306.093333334
4363,51879510.373333335
4364,27812214.373333335
4365,4605249.553333334
4366,51535581.596666664
4367,26919912.15
4368,102174805.04
4369,17733156.08
4370,134681993.36
4371,54506618.17333333
4372,12009444.656666666
4373,70471354.27666667
4374,24568033.75
4375,2719677.013333333
4376,116467.88666666667
4377,32689127.73
4378,38677512.03
4379,80153575.44
4380,74036404.86
4381,152746507.24
4382,708632838.0533333
4383,178762389.84
4384,92168502.09333333
4385,1939404.81
4386,179912122.46666667
4387,137829300.57
4388,84428965.65333334
4389,262624219.59
4390,7563711.7
4391,3834658.8066666666
4392,67304944.33333333
4393,96389336.81333333
4394,35655198.67333333
4395,19138056.49
4396,52094214.486666664
4397,48396079.75
4398,154480488.83333334
4399,911987.3733333333
4400,3434512.23
4401,38381685.156666666
4402,3774826.59
4403,14976411.67
4404,29349484.136666667
4405,15069464.373333333
4406,906418.83
4407,877775.46
4408,2594442.493333333
4409,1557973.19
4410,13141669.346666666
4411,7545548.2
4412,55425188.35666667
4413,82284545.93
4414,40524056.45333333
4415,8541900.69
4416,3195270.5833333335
4417,316013634.96
4418,1728780.9633333334
4419,86049593.35666667
4420,471046115.68333334
4421,2682907.2333333334
4422,6131898.056666667
4423,9967421.46
4424,3548935.16
4425,16456295.54
4426,77963138.27666667
4427,94000443.60333334
4428,1841233.0766666667
4429,3345239.1533333333
4430,281688.33
4431,862116.05
4432,178745188.59333333
4433,179466022.21
4434,530961912.36
4435,10493626.463333333
4436,124598961.30333333
4437,6038038.943333333
4438,506377.99333333335
4439,11617225.283333333
4440,1609896.6366666667
4441,71117045.07
4442,2973808.1633333336
4443,577299.3066666666
4444,5867758.726666667
4445,2922102.8133333335
4446,12029528.856666667
4447,211371008.93333334
4448,85513383.61333333
4449,5396025.6866666665
4450,134700462.63
4451,660445188.3833333
4452,54555550.8
4453,871053.1433333333
4454,139373.23
4455,10269071.083333334
4456,81078828.72666667
4457,965158.6566666666
4458,5412377.49
4459,138895415.10333332
4460,12209677.963333333
4461,74796711.58
4462,63746159.416666664
4463,14181349.613333333
4464,52929732.20666666
4465,809769.8633333333
4466,4111713.5933333333
4467,27829330.93
4468,3475900.803333333
4469,60260983.04333334
4470,16224662.976666667
4471,693648.3366666667
4472,133005118.57666667
4473,62962172.42
4474,15069565.466666667
4475,29882529.586666666
4476,1154246.43
4477,62153130.1
4478,1034338.42
4479,1421272.9666666666
4480,88367870.49666667
4481,23581786.913333334
4482,19847999.783333335
4483,6968437.703333333
4484,3419687.4966666666
4485,32776394.026666667
4486,2290339.9
4487,14998485.466666667
4488,89497649.54
4489,51496710.24
4490,485271.89
4491,145263370.5
4492,10776176.636666667
4493,6355549.173333333
4494,43939554.096666664
4495,9689924.926666666
4496,35253706.013333336
4497,15128869.216666667
4498,40219194.00333333
4499,1294670.1633333333
4500,85393952.86666666
4501,174604079.26333332
4502,9058879.68
4503,312461013.06
4504,7974201.1866666665
4505,964569.1333333333
4506,89988122.83333333
4507,3751138.0733333332
4508,784723.0566666666
4509,3010287.34
4510,4806794.926666667
4511,182847638.07666665
4512,1437701.33
4513,57455260.9
4514,16962792.873333335
4515,602302743.9366666
4516,11139569.76
4517,3127880.0733333332
4518,263542194.12
4519,68049827.00666666
4520,8306285.763333334
4521,12407344.506666666
4522,52584899.903333336
4523,13373954.64
4524,17442097.176666666
4525,18063333.023333333
4526,813343.4733333334
4527,51138910.92666667
4528,2871407.12
4529,424866.6
4530,8455988.486666666
4531,4518689.3533333335
4532,8860296.4
4533,38638870.74
4534,1726862.9066666667
4535,68606026.37333333
4536,15411260.373333333
4537,41931824.47
4538,31480943.476666667
4539,1133426.2166666666
4540,18473244.79
4541,2346527.69
4542,73525739.28666666
4543,28590748.326666668
4544,4001136.0766666667
4545,3140784.44
4546,603174.2866666666
4547,2396398.67
4548,27491373.76
4549,1084640.1966666668
4550,17321680.626666665
4551,725522691.1933334
4552,299476376.98
4553,6514189.966666667
4554,702801841.8433334
4555,4072399.283333333
4556,48160611.54
4557,47101111.02
4558,8812622.786666667
4559,71023495.22333333
4560,132740532.37
4561,15757787.063333333
4562,2501950.3833333333
4563,329398943.83666664
4564,2020459.7233333334
4565,2897462.1066666665
4566,72162969.09
4567,91338750.44333333
4568,4718687.083333333
4569,9476460.94
4570,7301312.786666667
4571,426067.12
4572,19409166.803333335
4573,43701769.126666665
4574,29978.493333333332
4575,2412108.0
4576,3104149.81
4577,25206416.916666668
4578,24410331.69333333
4579,4412789.003333333
4580,66149859.68666667
4581,2349281.4633333334
4582,66667668.49
4583,181801685.19
4584,609257.54
4585,151376681.29333332
4586,15503295.996666666
4587,7766650.453333333
4588,153287605.21333334
4589,5139634.973333334
4590,1288573734.3733332
4591,37957413.77666666
4592,4625697.343333334
4593,687239.5266666666
4594,21806813.466666665
4595,713359352.29
4596,746895060.3433334
4597,7945260.346666667
4598,146576187.39
4599,12282078.746666666
4600,49408093.20333333
4601,63790739.00666667
4602,19852227.866666667
4603,21655096.793333333
4604,76333962.98333333
4605,307420738.76
4606,206621752.85333332
4607,34192266.84
4608,7844908.753333333
4609,18654027.55666667
4610,243572024.69
4611,155995912.39333335
4612,26806228.136666667
4613,34152367.12
4614,26784734.633333333
4615,6913206.46
4616,405101.43
4617,52435311.89333333
4618,1405689.0
4619,3480039.696666667
4620,12484876.416666666
4621,393166019.3433333
4622,92791528.33666667
4623,50902788.89333333
4624,712311.3366666667
4625,10185071.486666666
4626,14840432.636666667
4627,22111234.95
4628,12073897.523333333
4629,6259254.343333334
4630,8226870.366666666
4631,10852819.466666667
4632,5420981.386666667
4633,5586546.356666666
4634,737405.1866666666
4635,207434.57
4636,74898879.74
4637,4875668.82
4638,1714282.9033333333
4639,547320.6
4640,35200475.19
4641,21934753.08
4642,13903721.78
4643,22530203.993333332
4644,2235193.8966666665
4645,5323331.173333333
4646,557488949.5466666
4647,4700804.75
4648,15449280.613333333
4649,121193148.41666667
4650,156745162.61666667
4651,32398064.493333332
4652,708336976.9266666
4653,873713.17
4654,100954824.04666667
4655,90905085.53
4656,11288281.963333333
4657,12848848.99
4658,31196501.936666667
4659,2187582.2
4660,10808842.35
4661,5897294.036666667
4662,15892535.243333334
4663,19135387.636666667
4664,7373835.266666667
4665,16862752.966666665
4666,30860304.01333333
4667,194705743.73333332
4668,4744016.296666667
4669,4121408.7733333334
4670,62348811.61
4671,17298892.523333333
4672,246484.39666666667
4673,11108421.83
4674,3617354.8233333332
4675,11137655.846666666
4676,18328382.956666667
4677,91539.71333333333
4678,6337869.706666667
4679,116364.94333333333
4680,3108840.0866666664
4681,22350727.836666666
4682,11719457.07
4683,3089567.3266666667
4684,325905.3
4685,48856199.75333333
4686,1081579.1266666667
4687,4371554.706666667
4688,62569626.85666667
4689,6883307.98
4690,21564953.253333334
4691,4328358.98
4692,35943054.93
4693,11452618.503333334
4694,48535915.47
4695,51129633.60333333
4696,43450858.593333334
4697,103309227.87666667
4698,4238048.48
4699,2769170.47
4700,138916061.23666668
4701,238912188.17
4702,3018295.98
4703,11396051.606666667
4704,130710866.11
4705,213450350.57
4706,96318520.53
4707,824880.86
4708,19714185.196666665
4709,463469.95
4710,439922789.69
4711,8327192.96
4712,806667.0733333334
4713,283397186.8566667
4714,1041666.36
4715,1325699.54
4716,1103103.1933333334
4717,13720242.786666667
4718,22276725.35333333
4719,115302114.88
4720,11175835.72
4721,4864402.143333334
4722,95325927.12333333
4723,12284151.25
4724,176400215.20333335
4725,48056426.00666667
4726,4848391.533333333
4727,14588845.606666667
4728,27779606.34
4729,71039367.77666667
4730,82952.41
4731,82741052.54333334
4732,541765557.2333333
4733,2418249.31
4734,258039811.59
4735,26749179.726666667
4736,32906058.91
4737,100410724.91333333
4738,3590210.0833333335
4739,32260631.706666667
4740,701743946.1966667
4741,371856.19666666666
4742,152417358.49333334
4743,1005331.1966666667
4744,194932.07666666666
4745,408134082.43666667
4746,34439047.08
4747,25855939.06
4748,80518228.56666666
4749,7586091.653333333
4750,8056811.3133333335
4751,103739339.44333333
4752,10897749.56
4753,17703934.916666668
4754,1170801549.24
4755,17065860.213333335
4756,44100543.78666667
4757,153944127.66333333
4758,117159897.04
4759,373057735.5233333
4760,10652974.41
4761,11425077.43
4762,18904475.29
4763,974838.11
4764,464282609.32
4765,8981718.31
4766,154005968.42333335
4767,27584119.663333334
4768,63287141.21
4769,17535201.363333333
4770,136512718.76333332
4771,15619273.97
4772,6401153.876666667
4773,17679689.37
4774,38643374.96
4775,797903.2966666666
4776,2431281.18
4777,220062131.93666667
4778,38361937.04666667
4779,27227686.336666666
4780,352279058.7733333
4781,189820.34333333332
4782,61608071.09
4783,4383906.97
4784,9229548.923333334
4785,24750888.37
4786,68020650.17333333
4787,55521990.373333335
4788,72107616.96333334
4789,2092713.7166666666
4790,130217300.44
4791,9023844.763333334
4792,18553232.39666667
4793,28738881.10333333
4794,12616718.023333333
4795,2322523.86
4796,9606655.58
4797,613384502.2566667
4798,61201517.92666667
4799,14021676.353333334
4800,36890706.13333333
4801,1120898.0733333332
4802,36224729.43333333
4803,7961332.256666667
4804,8579491.55
4805,78299.69666666667
4806,8449487.706666667
4807,921480.3033333333
4808,12857487.303333333
4809,130313186.06333333
4810,1116640.9033333333
4811,11000463.92
4812,121367377.42666666
4813,76359808.84
4814,6379140.34
4815,82112422.55
4816,11358104.956666667
4817,12692151.716666667
4818,20245908.053333335
4819,15963152.586666666
4820,81224192.71666667
4821,4598427.706666667
4822,4186877.99
4823,3268257.8333333335
4824,95477841.45
4825,31819158.496666666
4826,26081131.79
4827,77817609.35666667
4828,12184517.656666666
4829,53229577.82666667
4830,6268656.903333333
4831,25413459.706666667
4832,5914568.726666667
4833,21299190.643333334
4834,6622661.556666667
4835,50364308.913333334
4836,10261085.356666667
4837,380792734.7033333
4838,53864817.626666665
4839,577957.54
4840,895824419.6966667
4841,86801.64666666667
4842,146670487.38666666
4843,173046386.48666668
4844,2076648.5666666667
4845,68369287.60666667
4846,8190789.973333334
4847,381263662.2133333
4848,45457249.27666666
4849,400301992.9266667
4850,33608299.10666667
4851,968741.5933333334
4852,44154686.04666667
4853,209941276.56666666
4854,15502847.11
4855,93830344.3
4856,14693631.736666666
4857,17995617.596666668
4858,14648021.89
4859,3479618.3633333333
4860,630885053.98
4861,176270810.26333332
4862,255788927.47
4863,234929285.98
4864,110054860.41666667
4865,47365679.516666666
4866,21658820.56
4867,151431658.57666665
4868,8059145.076666667
4869,401828.93333333335
4870,16677086.116666667
4871,36343672.86
4872,959817.1466666666
4873,1845583.26
4874,91583328.95666666
4875,24323248.213333335
4876,45201875.98
4877,52260407.81666667
4878,4220449.283333333
4879,26315788.44333333
4880,13712396.86
4881,879146.8566666667
4882,8997047.866666667
4883,46624761.49333333
4884,94850809.52666667
4885,16666715.87
4886,20359476.536666665
4887,4422354.76
4888,7904153.58
4889,1056245.12
4890,138526314.66666666
4891,1206256.6866666668
4892,993269.1633333333
4893,190013906.55666667
4894,9636786.266666668
4895,5685624.393333334
4896,125339867.53
4897,2124946.64
4898,116857732.42333333
4899,101893274.54666667
4900,254439954.95666668
4901,50575204.6
4902,4178521.473333333
4903,12883062.2
4904,134521854.13
4905,10286878.746666666
4906,298626.31333333335
4907,863619143.46
4908,13861905.616666667
4909,34787539.49
4910,102003378.07333334
4911,17332933.506666668
4912,27898614.313333333
4913,15088758.046666667
4914,41416764.49666667
4915,70380868.05666667
4916,36072998.083333336
4917,4426978.983333333
4918,307882772.91333336
4919,23132127.18
4920,17787726.79
4921,98395877.04
4922,154993681.67333335
4923,5424587.553333334
4924,47155439.153333336
4925,135797156.65
4926,2046743.7533333334
4927,11554907.093333334
4928,12284292.266666668
4929,7227702.836666667
4930,16795799.34
4931,9046436.493333334
4932,4203088.306666667
4933,306901562.49333334
4934,697738.68
4935,621170398.2766666
4936,6324654.3
4937,117606.87333333334
4938,28570019.23
4939,203161.60333333333
4940,838147.04
4941,32668372.906666666
4942,1667675.8633333333
4943,31858502.746666666
4944,48292383.28
4945,10138835.69
4946,4178145.8433333333
4947,1321449.45
4948,5263861.61
4949,19202273.4
4950,66576707.00333333
4951,57731106.71333333
4952,16583095.03
4953,131530379.29333334
4954,122669727.92333333
4955,2204845.2466666666
4956,3751743.316666667
4957,66174232.99333333
4958,7019321.833333333
4959,11256661.06
4960,3059534.7533333334
4961,151332074.89666668
4962,7601865.663333333
4963,640474.2366666667
4964,57775722.24
4965,1671894.42
4966,4719019.846666667
4967,52644068.69
4968,8822828.146666666
4969,142557.23
4970,2164049.0866666664
4971,96613993.39666666
4972,10483349.423333334
4973,11149011.576666666
4974,84701519.6
4975,16888783.973333333
4976,4889646.113333333
4977,128524574.23333333
4978,1242647.93
4979,5194384.903333333
4980,42077338.61
4981,30913850.826666668
4982,76742463.19333333
4983,463730.80666666664
4984,298776376.98
4985,296362186.0
4986,3961419.82
4987,7048250.003333333
4988,1163405.05
4989,7650094.736666666
4990,899228.34
4991,26598054.28
4992,162408645.05666667
4993,12269242.82
4994,90768233.02
4995,1300214.3733333333
4996,24121522.093333334
4997,83858002.24666667
4998,12416097.68
4999,50026091.92666667
5000,210004521.34
5001,308448406.32666665
5002,160950552.35333332
5003,59615472.72
5004,45480424.593333334
5005,45429047.47
5006,382955144.25
5007,74679621.97
5008,505120644.73333335
5009,35547744.09
5010,4304111.326666667
5011,9036907.026666667
5012,34210739.5
5013,24679574.663333334
5014,61580796.943333335
5015,28016890.126666665
5016,184945910.48666668
5017,8944299.296666667
5018,21096061.67
5019,51133287.57666667
5020,7325459.733333333
5021,2984756.6866666665
5022,17197914.403333332
5023,2693555.0733333332
5024,101145568.47333333
5025,896695.6866666666
5026,139172808.78666666
5027,17237662.01
5028,171399301.08333334
5029,104897258.71666667
5030,15888074.983333332
5031,843531.2166666667
5032,139249734.87
5033,898065.8
5034,363419.03
5035,2481404.74
5036,27823415.58
5037,8394354.113333333
5038,280248619.3
5039,16337764.536666667
5040,37169382.79333334
5041,24828447.69333333
5042,15131198.453333333
5043,9493713.59
5044,312299560.08
5045,2585006.3933333335
5046,4013802.8633333333
5047,15753632.21
5048,2137841.203333333
5049,86482243.84666666
5050,2166814.223333333
5051,284643727.97
5052,197875461.77
5053,12197232.486666666
5054,34151093.07666667
5055,15189674.073333334
5056,50110253.61666667
5057,23327235.823333334
5058,2593250.683333333
5059,41788091.74333333
5060,111668492.17333333
5061,84217266.39333333
5062,613493.5133333333
5063,101386.5
5064,119304658.27
5065,3950292.56
5066,18462194.416666668
5067,58558625.88666666
5068,20328587.323333334
5069,102496786.96333334
5070,156524939.88666666
5071,113514735.31666666
5072,306258711.47
5073,14055585.453333333
5074,1323426.55
5075,8665343.426666666
5076,17868441.706666667
5077,113200768.10666667
5078,4621307.23
5079,1417085.1333333333
5080,96858858.08
5081,118292746.05
5082,100300765.49
5083,1354451.96
5084,7226634.2
5085,1175619.42
5086,16980989.876666665
5087,11436074.673333334
5088,6260472.3133333335
5089,4055552.32
5090,3098240.78
5091,19680435.373333335
5092,18638551.3
5093,54065060.02666666
5094,100225761.80666667
5095,129847782.17666666
5096,33733138.54333334
5097,312600.30666666664
5098,28704566.663333334
5099,6177936.1866666665
5100,1250517.7733333334
5101,352067.04333333333
5102,19218382.813333333
5103,1145551.5266666666
5104,80694136.29333334
5105,984467.96
5106,6388318.1
5107,14854189.296666667
5108,65890758.403333336
5109,327433.57
5110,66244683.46
5111,202062039.37333333
5112,2766151.1233333335
5113,1064762.99
5114,14604737.693333333
5115,4638025.39
5116,2715639.45
5117,390877826.12333333
5118,38669317.54333334
5119,6361714.903333333
5120,251869.21333333335
5121,51006594.57
5122,44043615.46666667
5123,37115588.583333336
5124,5825082.513333334
5125,23442092.59
5126,53898421.946666665
5127,54972947.193333335
5128,837300.88
5129,1773527.54
5130,85165222.98333333
5131,30975262.246666666
5132,40221346.78
5133,133839217.19
5134,123983804.64333333
5135,139300108.21
5136,2188999.2
5137,151018052.00666666
5138,13388069.776666667
5139,179450806.73
5140,82011823.23
5141,9045392.933333334
5142,192719052.46666667
5143,193829125.44333333
5144,83281231.20666666
5145,55066064.56666667
5146,9709219.14
5147,10272432.763333334
5148,50970246.96
5149,591270.5033333333
5150,708384522.54
5151,348730085.22333336
5152,78151518.02333333
5153,3375323.3933333335
5154,24131681.993333332
5155,971249.7666666667
5156,788877948.18
5157,8447400.316666666
5158,1027678.7766666666
5159,111846805.14333333
5160,17922226.066666666
5161,14810660.04
5162,101057500.53333333
5163,242047462.63333333
5164,3025120.1066666665
5165,75513460.00666666
5166,155266834.1
5167,2141300.8266666667
5168,17535788.34
5169,9097576.95
5170,19122768.71
5171,115704667.65333334
5172,15495043.266666668
5173,83451950.70333333
5174,112773863.22666667
5175,383402.85333333333
5176,6434873.886666667
5177,215246448.71333334
5178,381822124.62666667
5179,2853691.0166666666
5180,55026770.32333333
5181,340222.5266666667
5182,51900287.843333334
5183,2719568.0233333334
5184,2944318.04
5185,2114719.066666667
5186,11712729.716666667
5187,614831.2233333334
5188,7810940.573333333
5189,10564903.493333334
5190,315106946.24
5191,22711538.803333335
5192,233472901.73333332
5193,89754552.84333333
5194,50895278.04
5195,215619152.82
5196,50824389.836666666
5197,215965523.05333334
5198,40468468.24
5199,20370419.926666666
5200,8950641.013333334
5201,32851181.48666667
5202,4456339.733333333
5203,1687747.6833333333
5204,3364832.01
5205,1980671.7166666666
5206,17461492.846666668
5207,3886929.986666667
5208,15810906.283333333
5209,114149607.84333333
5210,53120326.27
5211,10879829.546666667
5212,9018747.416666666
5213,117505128.68
5214,165298.57
5215,18530541.106666666
5216,63374312.53
5217,15373267.386666667
5218,14809453.436666667
5219,3682295.6933333334
5220,50563168.76
5221,186507.25
5222,2518609.776666667
5223,49577583.43333333
5224,42476.99
5225,234889.09
5226,39625669.516666666
5227,4851847.496666667
5228,10970013.043333333
5229,165025195.70666668
5230,5559427.71
5231,11382633.913333334
5232,950987.6033333334
5233,8904255.84
5234,135769558.80333334
5235,62119349.04
5236,239590501.42
5237,162361961.29666665
5238,3378444.8566666665
5239,31350960.206666667
5240,181423383.58
5241,53993077.17333333
5242,12843782.74
5243,1885117.3366666667
5244,128405449.30333333
5245,5401852.836666667
5246,17811440.99
5247,90494292.97666667
5248,1235321.1433333333
5249,67754910.34333333
5250,175539580.88666666
5251,10703971.64
5252,124634.06333333334
5253,7236832.696666666
5254,130630.02666666667
5255,93351366.55666667
5256,16550883.17
5257,3432332.8766666665
5258,721075.92
5259,78930990.74333334
5260,8155338.59
5261,35269001.39666667
5262,3261801.2133333334
5263,27046671.813333333
5264,4061425.4433333334
5265,6356740.46
5266,47293226.81333333
5267,19613052.626666665
5268,3526325.9366666665
5269,168355207.58666667
5270,33346500.39
5271,19077368.886666667
5272,136316340.61333334
5273,233631.79333333333
5274,51985004.373333335
5275,50390602.67
5276,28885859.77
5277,1005698.5166666667
5278,15226960.083333334
5279,4522016.75
5280,1018920.3866666667
5281,9010160.37
5282,46048622.76
5283,1531394.88
5284,6580986.446666666
5285,220334918.24
5286,16080058.693333333
5287,11726229.99
5288,9112090.0
5289,111597453.26333334
5290,150143959.46333334
5291,671152845.7666667
5292,260829035.06333333
5293,183294324.32
5294,3612486.756666667
5295,936553592.3733333
5296,2528455.8466666667
5297,102159403.54
5298,94373513.78666666
5299,7611893.756666667
5300,1581971.5166666666
5301,8477950.11
5302,190961216.29333332
5303,9586110.993333334
5304,7861839.08
5305,963032.6766666666
5306,78933535.15333334
5307,240930823.52333334
5308,744259.0833333334
5309,833213.7433333333
5310,88040333.73333333
5311,6212353.39
5312,209093311.88333333
5313,637294732.21
5314,20548195.856666666
5315,2221148.23
5316,11445315.946666667
5317,53984610.483333334
5318,12566323.036666667
5319,12438095.383333333
5320,19479562.14666667
5321,19068175.78
5322,363299.5733333333
5323,147835518.61666667
5324,30691346.336666666
5325,6417064.636666667
5326,19392798.73
5327,98064887.35666667
5328,7871848.903333333
5329,2506413.4133333336
5330,175453096.02
5331,7096724.19
5332,5636541.08
5333,18768453.053333335
5334,35313156.93
5335,2951140.01
5336,12758361.916666666
5337,5653347.58
5338,35930664.736666664
5339,8733147.32
5340,9941551.87
5341,154839355.93
5342,189858768.85666665
5343,51165092.02333333
5344,120940362.31666666
5345,493960.74333333335
5346,101462914.56333333
5347,556594.2666666667
5348,3479273.8566666665
5349,5452241.056666667
5350,305385.25333333336
5351,138741238.27333334
5352,3646203.473333333
5353,27850611.156666666
5354,184945910.48666668
5355,100929447.08
5356,16172565.39
5357,2805164.473333333
5358,89177599.96
5359,17538694.366666667
5360,126071040.03333333
5361,13279999.303333333
5362,4119102.5166666666
5363,18524933.596666668
5364,3351255.5633333335
5365,38718161.376666665
5366,181043379.04666665
5367,196493259.06333333
5368,3475816.6266666665
5369,500579451.1333333
5370,29788414.77
5371,37659823.70666666
5372,857993873.31
5373,109880878.42666666
5374,173931042.30333334
5375,119814594.44666667
5376,109696906.71
5377,17023555.583333332
5378,5526077.866666666
5379,8847692.77
5380,53239841.653333336
5381,178229786.36666667
5382,93794068.72
5383,655995.34
5384,400345318.52666664
5385,80105816.36
5386,34415654.29333334
5387,856144.7133333334
5388,265986469.86666667
5389,24620175.05
5390,1421275.9933333334
5391,42560193.733333334
5392,320940.89
5393,16775557.093333334
5394,44119726.943333335
5395,32426060.41
5396,97364028.57333334
5397,1334387.26
5398,2814568.1566666667
5399,3680071.9566666665
5400,27661153.49
5401,384509761.4066667
5402,52011692.97
5403,29626626.743333332
5404,1124751.1866666668
5405,52483921.25666667
5406,9592832.68
5407,284577415.48333335
5408,705129335.8266667
5409,252957692.54
5410,3871198.6233333335
5411,52867214.64666667
5412,680486.5466666666
5413,347902.00666666665
5414,142890292.05
5415,88199666.91333333
5416,54917761.33
5417,191917608.25
5418,756440.3166666667
5419,2627321.4966666666
5420,38742274.20666666
5421,93789815.22333333
5422,114749735.61666666
5423,363980531.15
5424,180365709.73
5425,13736629.5
5426,9881219.3
5427,5051541.096666667
5428,9364776.32
5429,52509168.57666667
5430,175197201.89
5431,26013847.843333334
5432,153499980.20666668
5433,38051875.32333333
5434,51466782.18
5435,29169791.136666667
5436,13275198.17
5437,31243062.963333335
5438,15709892.706666667
5439,841334.2533333333
5440,93873485.06
5441,5616486.64
5442,101032485.94333333
5443,96142018.63666667
5444,90929763.59666666
5445,50540865.3
5446,130092351.91666667
5447,2827560.2666666666
5448,6251327.8533333335
5449,166978932.41333333
5450,3924973.1233333335
5451,9763031.873333333
5452,1764691.7266666666
5453,242594874.20333335
5454,126180267.79666667
5455,8348408.573333333
5456,7177529.26
5457,97781062.01333334
5458,22189714.183333334
5459,9123646.023333333
5460,100008.01333333334
5461,695675.4
5462,5575558.933333334
5463,703668045.1066667
5464,8945769.556666667
5465,5166904.446666666
5466,346899543.77
5467,31643583.766666666
5468,127693993.52666667
5469,2308052.6033333335
5470,289767536.8433333
5471,186634835.88666666
5472,42059842.33
5473,22028183.54
5474,7871639.876666667
5475,17436673.743333332
5476,4144556.533333333
5477,19686029.656666666
5478,168749048.79
5479,130133868.89333333
5480,17401066.30666667
5481,2428073.6633333336
5482,27230012.363333333
5483,16992903.386666667
5484,148175969.16
5485,9778555.606666667
5486,10525767.103333334
5487,744649227.1433333
5488,20281606.89666667
5489,33472400.393333334
5490,9065702.943333333
5491,18143504.636666667
5492,64960767.986666664
5493,8756217.776666667
5494,617401.2833333333
5495,15786662.116666667
5496,14798926.886666667
5497,36372768.61
5498,5315671.6866666665
5499,87665996.33333333
5500,39225627.666666664
5501,1342269.83
5502,5892965.3
5503,18295268.773333333
5504,17662687.48
5505,1503345.95
5506,351025820.00333333
5507,21511192.333333332
5508,117749322.9
5509,162608389.32333332
5510,13605070.486666666
5511,5995205.283333333
5512,136443983.80333334
5513,5279633.446666666
5514,30347385.186666667
5515,2800422.21
5516,1926433.82
5517,280026233.83666664
5518,15685472.62
5519,280535878.41333336
5520,1570508.0966666667
5521,16219157.793333333
5522,150211.62
5523,354228499.86
5524,585735357.35
5525,70253333.71333334
5526,4139133.5366666666
5527,1226568.8133333332
5528,79903407.36666666
5529,688593.3866666667
5530,379680500.6766667
5531,724937.9933333333
5532,16082338.423333334
5533,80776789.87
5534,439894523.4033333
5535,4020927.57
5536,1698472.73
5537,13938314.453333333
5538,22149501.89666667
5539,209065081.76666668
5540,35825013.71
5541,250191310.21666667
5542,227901.69333333333
5543,3951203.4033333333
5544,97736632.41
5545,531603.99
5546,18774507.553333335
5547,18749017.25
5548,16568365.213333333
5549,37658192.233333334
5550,40468261.56333333
5551,16976812.15
5552,51075623.07333333
5553,16583071.58
5554,3500721.82
5555,45163944.93333333
5556,16171442.186666667
5557,4790301.49
5558,700599100.7066667
5559,7102230.566666666
5560,3894999.16
5561,52847715.53666667
5562,73639915.2
5563,107958.45666666667
5564,2672009.933333333
5565,12802683.47
5566,10977203.09
5567,72711502.50666666
5568,72534631.02666667
5569,52205153.553333335
5570,32116412.186666667
5571,117276353.50333333
5572,116922.62333333334
5573,162298905.61333334
5574,36668911.33
5575,205126075.34333333
5576,112245891.09
5577,62764241.88666666
5578,27453964.43
5579,4718348.4
5580,6175678.24
5581,7712814.943333333
5582,17991997.596666668
5583,37295476.306666665
5584,28400257.56
5585,1527511.54
5586,926300.5
5587,17570197.51
5588,249763853.54666665
5589,88508695.72333333
5590,3202525.1533333333
5591,5469293.893333334
5592,3486050.44
5593,13496079.21
5594,9362654.846666666
5595,91397704.08333333
5596,180820969.54
5597,3364496.39
5598,1734470.5666666667
5599,5724397.673333333
5600,50966531.083333336
5601,37009746.71333333
5602,137960138.98666668
5603,2764021.486666667
5604,63324804.016666666
5605,282458895.07666665
5606,89284418.61
5607,55523439.68333333
5608,136072906.05
5609,15882663.63
5610,38178707.833333336
5611,21206569.26333333
5612,565755033.2433333
5613,94233135.45666666
5614,31259802.953333333
5615,42766136.513333336
5616,14125151.606666667
5617,517199110.4633333
5618,25736106.04
5619,90845296.91
5620,10494430.803333333
5621,19920572.633333333
5622,29305712.86
5623,14550063.036666667
5624,614583613.85
5625,405313.66
5626,3105138.1266666665
5627,134065972.20333333
5628,66123004.82666667
5629,230228973.27
5630,18021141.016666666
5631,93957755.39
5632,101870606.6
5633,19792026.586666666
5634,14313674.113333333
5635,53178835.79333334
5636,1685439.0066666666
5637,14544651.36
5638,115729141.71
5639,14356250.2
5640,7400260.243333333
5641,45124845.53
5642,10931649.153333334
5643,5053970.073333333
5644,823178757.63
5645,253884018.91333333
5646,8623612.4
5647,6326048.08
5648,133960309.92666666
5649,1154838.5633333332
5650,79614471.89666666
5651,49075699.89
5652,2513407.7333333334
5653,182250573.77333334
5654,53889758.266666666
5655,53140240.57333333
5656,818588052.68
5657,32763993.78
5658,14338854.15
5659,63840626.403333336
5660,149640573.49333334
5661,6954623.93
5662,598930363.0466666
5663,6906147.743333333
5664,8414965.536666667
5665,50441789.29333334
5666,7934552.013333334
5667,27964710.033333335
5668,2541484.06
5669,3359152.6066666665
5670,754203136.38
5671,59841804.99333333
5672,7433298.14
5673,50790109.37
5674,8107421.42
5675,6426713.003333333
5676,258607.19666666666
5677,112982248.66666667
5678,132558829.95
5679,2365790.31
5680,28390393.633333333
5681,797364930.1966667
5682,48728168.50333333
5683,201676025.98666668
5684,116083196.07666667
5685,49426236.57
5686,345874.69666666666
5687,86037115.25
5688,21490117.026666667
5689,36028764.17333333
5690,10909870.14
5691,112453509.20666666
5692,351120941.02
5693,55073396.93
5694,59014675.443333335
5695,2866699.796666667
5696,35708312.39
5697,638120.2233333334
5698,6734592.653333333
5699,5498231.403333333
5700,51642323.02666666
5701,9549268.263333334
5702,33901015.733333334
5703,58879832.03
5704,53448595.7
5705,4218093.803333334
5706,458098.37333333335
5707,37467446.71
5708,9147168.34
5709,50741424.64666667
5710,14639124.483333332
5711,35522230.16
5712,227915352.62333333
5713,11706919.883333333
5714,27408558.19
5715,1973610.58
5716,267658.11333333334
5717,32295640.11
5718,1237900.8066666666
5719,51621951.74
5720,8794784.736666666
5721,78550405.91666667
5722,9949417.293333333
5723,194186494.59
5724,12574312.813333333
5725,880767.9066666666
5726,64572492.96333333
5727,178514844.68
5728,46288557.21
5729,280478692.18333334
5730,2813558.57
5731,354611.32666666666
5732,3614233.5033333334
5733,695933.1766666666
5734,25404593.886666667
5735,7751507.47
5736,29959927.026666667
5737,66690776.41
5738,52598078.99666667
5739,52369372.66
5740,33787754.35666667
5741,68718576.94666667
5742,50817818.54
5743,19263524.793333333
5744,1051516.8166666667
5745,1289130.2366666666
5746,62009046.48
5747,3223260.4766666666
5748,119670232.57333334
5749,183988463.01
5750,74774853.32666667
5751,28601258.89666667
5752,4120351.81
5753,357275329.02
5754,12764497.053333333
5755,65983816.99666667
5756,14299982.123333333
5757,14500529.253333334
5758,1650412.2366666666
5759,32100228.746666666
5760,5968467.213333333
5761,316763.2266666667
5762,189714266.21
5763,98984954.82666667
5764,10350806.513333334
5765,51039775.36
5766,69828496.23
5767,13655710.176666666
5768,56586800.08
5769,612054944.1266667
5770,4300555.886666667
5771,17987099.123333335
5772,21409266.346666668
5773,506515368.7733333
5774,51671279.21666667
5775,65380242.68333333
5776,10619305.31
5777,174560418.02666667
5778,131188891.05666667
5779,228229293.46333334
5780,2435997.2533333334
5781,119972964.03333333
5782,85580116.39
5783,194438749.6
5784,3196063.95
5785,93101276.44333333
5786,4667376.553333334
5787,311961705.23
5788,1606485.23
5789,39289429.8
5790,138952450.17
5791,87616813.65
5792,14281519.71
5793,15230150.223333333
5794,52296405.03
5795,155626596.25333333
5796,35815533.13333333
5797,53035247.99
5798,180160.91
5799,164068455.94
5800,1389736.8933333333
5801,13630540.03
5802,4584396.796666667
5803,1220776.77
5804,606874730.7633333
5805,5429152.05
5806,8427711.086666666
5807,42694018.67
5808,26349525.89
5809,12575159.476666667
5810,6250764.983333333
5811,6640585.493333333
5812,74328501.87
5813,175876275.77666667
5814,6761337.073333333
5815,6898749.44
5816,9861053.913333334
5817,2361597.9833333334
5818,26754875.656666666
5819,48899733.04333334
5820,30767887.01333333
5821,1715414.0466666666
5822,85400.56333333334
5823,52557579.233333334
5824,74704732.66
5825,55461737.11
5826,10857656.686666667
5827,5064876.883333334
5828,196604970.42333335
5829,61802723.733333334
5830,27723287.873333335
5831,177844670.52333334
5832,49778447.28
5833,18492586.846666668
5834,11221999.036666667
5835,54073.27333333333
5836,104880315.83
5837,53563747.74
5838,172743.16666666666
5839,52339332.166666664
5840,2376845.6666666665
5841,97017891.39666666
5842,31317723.213333335
5843,23416962.38
5844,5663727.763333334
5845,3485135.1166666667
5846,8855935.28
5847,73785320.74
5848,54002401.906666666
5849,1398876.5466666666
5850,33793363.68333333
5851,20935586.52
5852,16449081.613333333
5853,50116962.42333333
5854,34612380.89
5855,98062743.92
5856,19232202.073333334
5857,1064977211.3066666
5858,1102137.6066666667
5859,18549670.826666668
5860,240063972.52
5861,1379197.2033333334
5862,40631388.13333333
5863,122080055.22333333
5864,290910311.18
5865,7240022.613333333
5866,5980166.723333334
5867,24840794.863333333
5868,50279708.36
5869,25105664.016666666
5870,140584.94666666666
5871,16725196.873333333
5872,277145599.09
5873,58874118.666666664
5874,6118162.9366666665
5875,48621597.81
5876,144043695.02666667
5877,14937229.85
5878,106333754.7
5879,6686871.133333334
5880,81207767.13333334
5881,101508722.78333333
5882,353073284.28333336
5883,14063572.03
5884,30789951.723333333
5885,12797259.053333333
5886,6463221.463333333
5887,26592086.0
5888,7668607.23
5889,4704255.013333334
5890,27845574.98
5891,39618436.22666667
5892,6329254.06
5893,3130528.1733333333
5894,101475269.38333334
5895,26664620.003333334
5896,96313714.73
5897,722971.27
5898,53506037.91
5899,12277179.97
5900,9110890.853333334
5901,195668.87333333332
5902,72354092.87333333
5903,90098440.04
5904,39016398.08
5905,80070182.96666667
5906,54891718.03666667
5907,5818182.86
5908,43019965.943333335
5909,9802928.33
5910,46378420.92666667
5911,17127341.24
5912,331803288.8
5913,51443485.63333333
5914,51811304.803333335
5915,5656487.693333333
5916,54272912.83
5917,200831353.58
5918,193052160.56
5919,38303508.49
5920,5471807.553333334
5921,54349267.553333335
5922,8320247.316666666
5923,4780339.663333333
5924,32968890.87
5925,507359577.41
5926,726499.4633333334
5927,2245371.23
5928,64289901.91
5929,939994.7233333334
5930,224590960.55666667
5931,52327178.32333333
5932,1250451.54
5933,12547315.7
5934,28569514.696666665
5935,356431036.96
5936,173215923.8
5937,2441248.223333333
5938,17474369.323333334
5939,49932092.126666665
5940,134638937.70333335
5941,509951.73
5942,139664453.49333334
5943,6124805.713333333
5944,25920602.72
5945,12831020.176666666
5946,1035283.4633333334
5947,138720.73
5948,121615526.32666667
5949,2888710.3466666667
5950,140079842.2
5951,102688298.56333333
5952,11353366.813333333
5953,322143286.8666667
5954,10888375.823333334
5955,37534757.77666666
5956,102882761.30333333
5957,54022512.126666665
5958,135030190.31
5959,2618557.183333333
5960,38519612.27333333
5961,1455019.4633333334
5962,5309900.876666667
5963,57420019.43666667
5964,71679161.51
5965,82356688.38666667
5966,74216629.57333334
5967,533056831.8566667
5968,58898716.38
5969,62895497.63666666
5970,13787625.346666666
5971,10318045.563333333
5972,14549198.533333333
5973,47658746.53666667
5974,477513.65
5975,46395486.60333333
5976,5746221.373333333
5977,266193.5233333333
5978,774552450.87
5979,3776526.1233333335
5980,200864679.02
5981,543188.6766666666
5982,179437834.01666668
5983,2546877.7
5984,47225807.71333333
5985,80703324.75666666
5986,5896151.683333334
5987,1227135.87
5988,25962110.756666668
5989,1388097.38
5990,77427656.77
5991,950968.3533333334
5992,35983795.07
5993,49550442.513333336
5994,1311476.2466666666
5995,13285050.42
5996,13005820.193333333
5997,24183121.073333334
5998,439744200.31666666
5999,1844759.89
6000,16270662.34
6001,11175006.243333334
6002,12755796.553333333
6003,440614239.42
6004,85294588.45
6005,1656649.42
6006,6005932.04
6007,14359852.273333333
6008,5962491.066666666
6009,93634176.57
6010,80748499.20333333
6011,11675187.156666666
6012,11841168.423333334
6013,265181353.54666665
6014,8592430.03
6015,15121255.006666666
6016,109989226.36666666
6017,4660051.426666667
6018,14257955.753333334
6019,1485286.17
6020,4666101.413333333
6021,13980157.793333333
6022,6995337.883333334
6023,31824398.456666667
6024,479952.45666666667
6025,26096782.84
6026,184569577.78666666
6027,4272826.98
6028,81864508.60333334
6029,26760177.49
6030,356906874.4633333
6031,59824505.09
6032,46804.68
6033,87907919.05333333
6034,5706056.746666667
6035,1130248650.1833334
6036,3464237.6666666665
6037,10189180.34
6038,64640.76
6039,13637639.603333334
6040,24389258.073333334
6041,439818188.75666666
6042,289449.08
6043,174800438.90333334
6044,11344232.136666667
6045,38368221.166666664
6046,1056045.31
6047,25617657.923333332
6048,12767634.393333333
6049,1505921.1666666667
6050,13851657.526666667
6051,1558548.8366666667
6052,36851763.03
6053,1051347.6166666667
6054,5218534.5
6055,52810596.7
6056,22616806.596666668
6057,1802816.8833333333
6058,35356469.86
6059,142734316.36666667
6060,18206558.143333334
6061,124030711.57666667
6062,9071116.463333333
6063,95088318.48
6064,472265.44333333336
6065,46802428.82
6066,27668771.88
6067,27027866.16
6068,290449.4533333333
6069,177914715.58333334
6070,111460170.41666667
6071,11485993.016666668
6072,35385523.32333333
6073,24317537.616666667
6074,432192.00666666665
6075,13292518.17
6076,101166430.97333333
6077,19518425.006666668
6078,112451240.22666667
6079,461550539.3466667
6080,1763365.1966666668
6081,3399534.256666667
6082,4543930.973333334
6083,120503218.92333333
6084,21951599.346666668
6085,51405493.31
6086,1735677.8233333332
6087,17760578.973333333
6088,3616593.1366666667
6089,14680957.013333334
6090,262318318.92
6091,877042.9166666666
6092,5849702.743333333
6093,13646015.026666667
6094,143134252.74333334
6095,58643211.5
6096,11591801.763333334
6097,23680045.433333334
6098,13266975.043333333
6099,39782312.64666667
6100,35023057.49333333
6101,193504037.63666666
6102,53029735.413333334
6103,61266594.443333335
6104,199644.52
6105,8536908.733333332
6106,133259.14333333334
6107,438783.5333333333
6108,27401645.19
6109,1330388.9866666666
6110,85797894.23
6111,424971.26
6112,652068.6866666666
6113,5560308.083333333
6114,74601431.07
6115,98173947.58333333
6116,602139.4766666667
6117,14925756.88
6118,44082830.013333336
6119,60820462.97666667
6120,65383310.31666667
6121,179123.11
6122,60543848.21666667
6123,742838.4266666666
6124,1347503.3966666667
6125,5941640.543333333
6126,12056838.43
6127,23018883.48
6128,285230311.6566667
6129,9006779.21
6130,2021265.3666666667
6131,8417081.146666666
6132,141883.41
6133,11332585.646666666
6134,24918579.773333333
6135,47842032.413333334
6136,665953844.82
6137,15617812.343333334
6138,3207696.56
6139,1106800267.12
6140,2977138.42
6141,32704709.81
6142,4758346.38
6143,6373582.203333333
6144,14210971.503333334
6145,3213883.9366666665
6146,14848111.083333334
6147,56439955.306666665
6148,4150325.3
6149,118943088.85666667
6150,505607293.41
6151,16562217.986666666
6152,730842006.5933334
6153,3130589.5366666666
6154,116001.89666666667
6155,264977217.22
6156,6074691.73
6157,18331539.88
6158,234180031.64333335
6159,13220301.903333334
6160,92104021.27
6161,19214894.77
6162,81276667.66333333
6163,3240449.466666667
6164,12875430.443333333
6165,25843573.926666666
6166,25294751.273333333
6167,6982448.696666666
6168,15948372.26
6169,136324169.18666667
6170,6004232.48
6171,16048260.906666666
6172,3814107.2
6173,27615031.17
6174,138502243.9
6175,15227337.246666666
6176,183982309.55333334
6177,46339184.67333333
6178,4081995.5766666667
6179,310574499.9866667
6180,46396312.68
6181,69687898.62666667
6182,624452694.58
6183,16370021.953333333
6184,908174203.3133334
6185,7628751.58
6186,19035272.71
6187,4166913.53
6188,88413898.34666666
6189,112211349.06
6190,86175573.27
6191,4490029.283333333
6192,84286432.56666666
6193,7827435.086666667
6194,1412428.1533333333
6195,174080.57666666666
6196,27381979.68
6197,1580411.2666666666
6198,95745720.35333334
6199,842678555.13
6200,333510.2166666667
6201,4547504.556666667
6202,171240306.00666666
6203,610869270.5566666
6204,842507.19
6205,8944775.52
6206,60324673.803333335
6207,51253714.88666666
6208,76657633.45666666
6209,334125.13333333336
6210,21098864.683333334
6211,51274283.766666666
6212,18902653.0
6213,227154424.83333334
6214,38011816.33
6215,14829490.52
6216,43493710.89
6217,636176.4966666667
6218,9571539.56
6219,31960512.74
6220,372488.61666666664
6221,9511197.303333333
6222,1671654.9733333334
6223,61534841.24
6224,31880514.426666666
6225,254188910.47333333
6226,32861160.61
6227,18090145.963333335
6228,1485291.5533333332
6229,1284879.7366666666
6230,5660462.14
6231,139012762.42333335
6232,6065808.976666667
6233,196726842.91333333
6234,50846652.626666665
6235,38454457.63666666
6236,23849536.86
6237,10076459.733333332
6238,12847929.65
6239,255898501.38
6240,306091432.4533333
6241,3097345.96
6242,3411176.1
6243,15484987.346666666
6244,102799137.01666667
6245,3784177.5166666666
6246,5366175.183333334
6247,768754635.6233333
6248,3211269.39
6249,14992199.05
6250,30425816.106666666
6251,99198699.69333333
6252,5088293.963333333
6253,10386315.673333334
6254,229241199.16
6255,791588.75
6256,19126471.543333333
6257,144618495.78
6258,310501.65
6259,1659620.2533333334
6260,11285035.283333333
6261,203485812.96
6262,6489379.423333333
6263,54042386.2
6264,17725705.046666667
6265,14871041.29
6266,29633121.316666666
6267,137558511.81333333
6268,40680.363333333335
6269,200608988.38333333
6270,133683794.57
6271,332077212.41
6272,7218149.516666667
6273,42714414.78333333
6274,315843377.81
6275,49215500.23
6276,2794860.66
6277,21784464.61
6278,1659777.0933333333
6279,11876767.06
6280,73399458.46333334
6281,4391695.336666667
6282,418850255.3833333
6283,24678637.526666667
6284,128859863.79
6285,57363407.31
6286,586463.0166666667
6287,36756303.013333336
6288,127945929.55333333
6289,203787537.71333334
6290,28954.69
6291,50269875.38
6292,101225868.98666666
6293,669219169.8533334
6294,10893521.093333334
6295,532561911.22333336
6296,3247319.946666667
6297,134019066.27333333
6298,4431952.66
6299,425197.06666666665
6300,8861885.14
6301,11392530.653333334
6302,6790203.68
6303,3523774.73
6304,16733714.476666667
6305,132646508.00333333
6306,61851223.89
6307,2832480.196666667
6308,2843233.8
6309,1710279.0033333334
6310,112707890.26333334
6311,570245.9833333333
6312,7862989.516666667
6313,17693670.203333333
6314,66546112.373333335
6315,4447884.91
6316,70941164.86
6317,152179866.08333334
6318,50675248.63333333
6319,55294797.14333333
6320,1392362.0566666666
6321,46599171.696666665
6322,94314513.71
6323,88098923.01666667
6324,2141770.6533333333
6325,156751351.03666666
6326,2661302.9433333334
6327,52448581.63666666
6328,109819685.32666667
6329,4757164.97
6330,2154575.92
6331,132503557.83333333
6332,2718545.9133333336
6333,11825844.026666667
6334,3935515.19
6335,61172672.083333336
6336,55458902.18
6337,50813469.06333333
6338,322234.6533333333
6339,26472144.523333333
6340,1535961.9933333334
6341,6939469.91
6342,11499680.69
6343,44688136.336666666
6344,40300080.08
6345,5682456.51
6346,176621009.12666667
6347,52672811.72333334
6348,73723952.05333333
6349,52641493.943333335
6350,4693829.446666666
6351,131331267.85
6352,72105393.63666667
6353,714109.55
6354,1556340.9366666668
6355,59820.92333333333
6356,53532549.17333333
6357,3610790.67
6358,7330838.69
6359,3640392.1366666667
6360,15295412.15
6361,149117278.69
6362,3416635.7933333335
6363,14366344.0
6364,4804251.1
6365,187995118.03333333
6366,18874347.386666667
6367,11488710.29
6368,50366220.57666667
6369,15999079.55
6370,254826001.41666666
6371,6131287.926666667
6372,56467684.24
6373,533998.2766666666
6374,10669291.756666666
6375,48900216.64
6376,18787194.07
6377,14646583.67
6378,3309873.92
6379,149130139.89333335
6380,29518192.4
6381,658981314.3433334
6382,53551587.413333334
6383,74141957.32333334
6384,73309424.75666666
6385,49217105.93666667
6386,331456082.68333334
6387,3756015.39
6388,3005554.9066666667
6389,167123.45
6390,75567104.03666666
6391,4418895.453333333
6392,14213758.256666666
6393,262907035.01666668
6394,183544252.25333333
6395,1595480.9666666666
6396,4037040.256666667
6397,1491619.3666666667
6398,10994440.913333334
6399,1404134.5366666666
6400,4379184.206666667
6401,4086278.8333333335
6402,53501627.32666667
6403,90198994.22666667
6404,13095875.226666667
6405,2549958.0733333332
6406,8704191.26
6407,3611816.3833333333
6408,10640911.52
6409,85874199.01333334
6410,7774656.456666667
6411,1081497.8033333332
6412,49204347.75333333
6413,16791191.466666665
6414,607692436.0033333
6415,4098024.37
6416,3282498.37
6417,132747494.07666667
6418,49361683.63333333
6419,14518920.876666667
6420,39771079.25333333
6421,36526695.58
6422,40479.753333333334
6423,10762264.336666666
6424,68710018.07666667
6425,27082151.27
6426,9150648.23
6427,19220312.053333335
6428,844160.82
6429,35573573.516666666
6430,87282542.78666666
6431,180237281.68
6432,175700011.27
6433,12690142.036666667
6434,719662.6066666667
6435,18714139.696666665
6436,25471698.26
6437,14307986.743333334
6438,15169012.08
6439,23666283.583333332
6440,70281655.23666666
6441,16576218.383333333
6442,11609398.88
6443,6026212.28
6444,558730.0166666667
6445,672934034.7033334
6446,257856311.27333334
6447,13149153.586666666
6448,3131550.67
6449,51537446.833333336
6450,7900372.016666667
6451,8513445.363333333
6452,28237712.836666666
6453,102370300.53333333
6454,45513589.833333336
6455,34072944.97666667
6456,49434927.32
6457,70675848.72
6458,4230427.036666667
6459,17029758.18
6460,174193748.02333334
6461,64866616.73
6462,162146631.00333333
6463,77909.16
6464,15961407.77
6465,10466060.693333333
6466,19281549.48666667
6467,14929776.56
6468,296126.23
6469,15997094.21
6470,7569680.876666667
6471,2169238.3
6472,115625866.97666667
6473,11489460.793333333
6474,6584278.96
6475,6128251.456666667
6476,330777403.31666666
6477,28916963.73666667
6478,17915370.19333333
6479,439867361.7733333
6480,49141933.53666667
6481,51025242.99
6482,6407545.706666667
6483,7448950.526666666
6484,215699417.20666668
6485,158710131.78333333
6486,112988.09333333334
6487,101399317.75333333
6488,41910991.25666667
6489,2919698.1333333333
6490,1571947.0933333333
6491,12259023.59
6492,13755568.523333333
6493,13846751.676666666
6494,121522297.93
6495,14427063.883333333
6496,347510133.06
6497,167840772.22666666
6498,73132227.26
6499,23317457.913333334
6500,5925452.83
6501,2247426.7333333334
6502,181165734.32333332
6503,7029563.54
6504,16382012.806666667
6505,2903802.0166666666
6506,15401575.183333334
6507,8286317.79
6508,100681938.60333334
6509,7115224.8533333335
6510,6504242.696666666
6511,4447556.116666666
6512,4781084.606666666
6513,10334413.576666666
6514,7243027.206666667
6515,409507970.62666667
6516,68351682.49
6517,1025856.11
6518,11052153.85
6519,52288835.36666667
6520,8176491.366666666
6521,210434026.15666667
6522,29581248.346666668
6523,87826313.99
6524,27411533.006666668
6525,62034032.663333334
6526,392873050.31666666
6527,588638.76
6528,2335038.56
6529,14688233.37
6530,104433591.37333333
6531,5385895.223333334
6532,34234242.51
6533,3197759.32
6534,602901993.2433333
6535,8609333.886666667
6536,34194884.163333334
6537,88596944.04333334
6538,19793954.64666667
6539,279943289.9066667
6540,227779558.78
6541,119513408.85333334
6542,11993368.493333334
6543,1197363.0033333334
6544,11810654.146666666
6545,15835830.74
6546,653152051.6233333
6547,360665.9166666667
6548,55313927.26
6549,75394061.88
6550,96459907.90666667
6551,81370941.03333333
6552,819958.7766666666
6553,661407.0633333334
6554,27576151.22
6555,61855816.4
6556,44378390.39
6557,4371909.503333333
6558,137770461.94
6559,28382600.983333334
6560,389238771.83
6561,3050321.506666667
6562,144927067.86
6563,15451718.873333333
6564,16993251.253333334
6565,17698129.56
6566,34541585.88
6567,13700303.923333334
6568,31491944.57
6569,1668931.0033333334
6570,60044028.68
6571,4258936.406666666
6572,98572.45666666667
6573,16649403.126666667
6574,31131627.953333333
6575,512702.4633333333
6576,15173650.573333334
6577,11091817.633333333
6578,26748037.456666667
6579,15489976.44
6580,2077508.3733333333
6581,46569079.29333334
6582,384139.19333333336
6583,2292413.5033333334
6584,1152822.92
6585,35783542.736666664
6586,53770935.63666666
6587,75497499.57333334
6588,4095864.9066666667
6589,64323416.42333333
6590,180794667.20333335
6591,10476320.153333334
6592,94794925.59333333
6593,58343406.31666667
6594,173065992.29
6595,1042274.6133333333
6596,199921632.49
6597,241531.21333333335
6598,20069072.663333334
6599,12415352.406666666
6600,2456279.7533333334
6601,62444868.843333334
6602,650028818.8666667
6603,16444101.263333334
6604,13448768.533333333
6605,132499037.31666666
6606,6216217.5633333335
6607,85236091.83333333
6608,537129.0266666666
6609,5165379.763333334
6610,27243643.52
6611,10260615.203333333
6612,874746974.4966667
6613,18030043.883333333
6614,254643057.1
6615,3126853.9266666668
6616,211411624.18666667
6617,55172643.583333336
6618,43266461.653333336
6619,16154843.96
6620,4099908.0233333334
6621,35188190.92333333
6622,111950805.95
6623,384819855.32
6624,155848418.87333333
6625,155279097.81333333
6626,49082807.77666666
6627,86531666.30333333
6628,230594.51666666666
6629,9078968.036666667
6630,888196.7433333333
6631,1084218.8266666667
6632,7857466.326666667
6633,9044083.323333334
6634,3206864.44
6635,3976686.6733333333
6636,110536186.20333333
6637,88104908.00333333
6638,3209441.92
6639,9786017.483333332
6640,15633117.746666666
6641,176355236.64666668
6642,234657429.19666666
6643,1359308.42
6644,3984422.6066666665
6645,49659139.233333334
6646,18572340.41
6647,1598298.0066666666
6648,51922204.84
6649,4032430.4066666667
6650,4611277.71
6651,16837373.593333334
6652,939161.9066666666
6653,65597205.18333333
6654,127795837.48666666
6655,8221623.666666667
6656,26102820.833333332
6657,101249605.35666667
6658,5435716.6
6659,11672783.146666666
6660,2336732.4266666668
6661,3691238.33
6662,8858211.276666667
6663,759251406.42
6664,5912261.713333333
6665,285896.03
6666,19314304.78
6667,161240103.12333333
6668,24655538.883333333
6669,51779679.333333336
6670,27917980.42
6671,54126338.37
6672,24405103.786666665
6673,62453853.11
6674,659172841.6766666
6675,55557898.593333334
6676,7613168.113333333
6677,5149691.91
6678,8209297.176666667
6679,772456695.6433333
6680,39315047.593333334
6681,667323143.95
6682,82673757.07666667
6683,28767018.076666668
6684,705256.5166666667
6685,4335958.916666667
6686,25464783.433333334
6687,58774221.77333333
6688,2874855.53
6689,121290913.06666666
6690,441976141.12
6691,9124389.523333333
6692,713272746.2533333
6693,80541363.38333334
6694,75332439.25666666
6695,120728767.64
6696,202431864.59333333
6697,7169911.863333333
6698,39789156.446666665
6699,492371044.95
6700,249404374.93
6701,84281699.21333334
6702,37098113.943333335
6703,5259378.133333334
6704,1453527.08
6705,26346689.08
6706,44203985.68333333
6707,33954481.416666664
6708,30063050.95
6709,2226075.9633333334
6710,101882334.58
6711,29461975.536666665
6712,132898748.81
6713,1539647.0166666666
6714,347614.4533333333
6715,8523071.57
6716,37558064.096666664
6717,305771421.06666666
6718,16883829.216666665
6719,26919860.85
6720,2789895.63
6721,56890927.86666667
6722,6944420.086666667
6723,97394553.21333334
6724,6723214.11
6725,3496178.1066666665
6726,58309348.50333333
6727,3359127.466666667
6728,24929943.4
6729,26915404.46
6730,14872584.183333334
6731,4040231.2733333334
6732,12034052.086666666
6733,109273619.70333333
6734,9899998.626666667
6735,77813559.80333333
6736,2768548.61
6737,1812094.79
6738,16134030.583333334
6739,26268270.29
6740,2487777.3633333333
6741,3544695.6633333336
6742,24039774.14666667
6743,209594422.13666666
6744,25119534.996666666
6745,3193547.993333333
6746,85337768.81666666
6747,12046163.61
6748,325222.24333333335
6749,13289561.663333334
6750,1781186.2233333334
6751,21738314.333333332
6752,135255977.16
6753,18395468.36
6754,79196545.71
6755,2093274.8866666667
6756,208470402.75
6757,30307488.77
6758,20048964.666666668
6759,218472916.62666667
6760,9765553.026666667
6761,11517763.273333333
6762,312092.13666666666
6763,16240540.486666666
6764,17298523.703333333
6765,174230100.41666666
6766,231277.64333333334
6767,17952733.383333333
6768,128361451.28333333
6769,32242924.476666667
6770,13624480.173333334
6771,3680472.9433333334
6772,10289666.88
6773,21310795.533333335
6774,134603831.66
6775,312314830.64
6776,2263516.8966666665
6777,9432123.04
6778,51747689.87
6779,47074533.18333333
6780,75230430.18666667
6781,4736339.753333333
6782,179889940.35666665
6783,9453409.896666666
6784,3609793.16
6785,56484659.63
6786,2500198.7333333334
6787,22765962.533333335
6788,3583167.5033333334
6789,2434465.6066666665
6790,3848580.5233333334
6791,42130409.056666665
6792,309713122.81
6793,99854120.93
6794,5968329.616666666
6795,12245371.083333334
6796,1010231348.3033333
6797,22537586.38
6798,18415915.66
6799,3325239.3333333335
6800,96650642.48666666
6801,305344037.06666666
6802,13683923.603333334
6803,163074964.31333333
6804,1378436.2533333334
6805,54086869.85333333
6806,2690867.1633333336
6807,46344559.486666664
6808,4037435.7866666666
6809,20272473.936666667
6810,12051604.6
6811,73175067.59333333
6812,9278942.143333333
6813,158570911.65
6814,701166.6966666667
6815,4935445.56
6816,4733072.093333334
6817,61819.81
6818,741149.8233333334
6819,38345105.03
6820,69847666.30666667
6821,10918461.37
6822,49653532.85333333
6823,45396512.92333333
6824,306459489.48333335
6825,52254113.46
6826,27410001.75
6827,2434983.4066666667
6828,476105.25666666665
6829,1786191.1833333333
6830,18840268.663333334
6831,74424137.9
6832,32767734.19333333
6833,10521850.48
6834,7534468.4366666665
6835,133770456.89333333
6836,960306.2733333333
6837,138882777.31333333
6838,5170954.483333333
6839,8521101.6
6840,17495076.673333332
6841,15797400.136666667
6842,4116248.1133333333
6843,26650879.44333333
6844,234688897.04
6845,9744223.583333334
6846,55077151.016666666
6847,2618557.4966666666
6848,29711068.233333334
6849,10384437.76
6850,110441817.04
6851,163101868.43666667
6852,13767115.71
6853,14970533.783333333
6854,58764846.61333334
6855,30032499.686666667
6856,4133094.453333333
6857,21866673.606666666
6858,13993845.166666666
6859,44693818.946666665
6860,3048020.28
6861,22290735.41
6862,45179439.85
6863,303582129.7733333
6864,5776940.913333333
6865,3954624.6233333335
6866,121731109.03666666
6867,52391925.306666665
6868,957090883.8266667
6869,38829756.00666667
6870,412885.04
6871,68793347.76
6872,4486345.623333333
6873,15780855.5
6874,50723201.413333334
6875,6641331.27
6876,22380724.76333333
6877,26319829.123333335
6878,1347609.9233333333
6879,4762503.863333333
6880,523669.54333333333
6881,6695320.8966666665
6882,15203161.953333333
6883,82965441.44
6884,19383677.916666668
6885,10875328.166666666
6886,4780879.6
6887,38242006.47
6888,101211584.52333333
6889,2007734.1833333333
6890,19573197.083333332
6891,48796521.4
6892,181417141.77333334
6893,255245135.92333335
6894,73602006.62666667
6895,4998652.803333334
6896,4229931.17
6897,1734086.6633333333
6898,4848246.06
6899,10722824.873333333
6900,67749517.23666666
6901,21436272.31
6902,4964090.033333333
6903,52819980.56333333
6904,270917270.8433333
6905,49740681.50333333
6906,177892099.47666666
6907,17456474.636666667
6908,5174112.61
6909,512218.81
6910,31936783.886666667
6911,5915878.15
6912,9835894.99
6913,1061930009.3333334
6914,497754828.7133333
6915,59018986.61
6916,12881175.093333334
6917,821743471.3766667
6918,13420617.226666667
6919,2759287.683333333
6920,180576767.90333334
6921,418756186.0733333
6922,14408652.75
6923,9017591.556666667
6924,2812832.1566666667
6925,11704328.923333334
6926,12946836.47
6927,204123.76
6928,25781723.44
6929,35057185.61333334
6930,175364685.34666666
6931,7123017.97
6932,2488270.723333333
6933,10351572.943333333
6934,176007185.08333334
6935,689311.5633333334
6936,1930551.1733333333
6937,193646443.93
6938,2169948.75
6939,16139112.616666667
6940,61841940.11
6941,72235711.94666667
6942,84217266.39333333
6943,4903887.786666667
6944,157021978.11666667
6945,10582901.703333333
6946,51842699.26
6947,17254182.39666667
6948,23902422.14
6949,134047036.9
6950,461693364.93666667
6951,1195985.4033333333
6952,18328782.29
6953,30155172.446666665
6954,35889470.17666667
6955,85478818.27
6956,5544444.9
6957,10330546.916666666
6958,2773980.803333333
6959,3751280.6333333333
6960,35375823.96
6961,9674834.153333334
6962,170659719.3
6963,9450194.163333334
6964,55229385.84
6965,3077832.74
6966,96461568.26
6967,140551315.96
6968,575795.5666666667
6969,5871070.653333333
6970,6755785.333333333
6971,179850976.94666666
6972,464431.4533333333
6973,40224871.083333336
6974,50957215.72
6975,40961838.04
6976,53283776.10666667
6977,3707533.8666666667
6978,5072772.933333334
6979,40055182.156666666
6980,12157494.896666666
6981,3431635.39
6982,162725801.29
6983,2610623.6766666668
6984,90698034.78666666
6985,258796664.51666668
6986,24344868.463333335
6987,2483173.13
6988,90873778.4
6989,5039185.63
6990,1005037005.89
6991,4924701.6466666665
6992,4447370.833333333
6993,11934046.48
6994,2025246.97
6995,17209308.613333333
6996,56776838.36666667
6997,847787.1366666667
6998,7476170.456666667
6999,52034800.44
7000,4288210.923333333
7001,3168958.9033333333
7002,3883020.6066666665
7003,58362075.22333334
7004,22121562.08
7005,24728461.466666665
7006,594093.3033333333
7007,22527804.876666665
7008,101245599.21
7009,14547274.013333334
7010,12463545.96
7011,6065545.756666667
7012,5743867.073333333
7013,3699489.84
7014,10057033.85
7015,243482686.78333333
7016,355880070.0
7017,18019851.593333334
7018,10994905.746666666
7019,95360343.31666666
7020,27623145.373333335
7021,51294695.69
7022,45057390.483333334
7023,88969117.63333334
7024,11241224.123333333
7025,16612264.67
7026,177942914.16666666
7027,58693016.413333334
7028,3991622.1066666665
7029,188472060.01666668
7030,35695933.56666667
7031,41363110.99
7032,24384002.14666667
7033,3355745.8366666664
7034,974720.8666666667
7035,19107136.44
7036,4029910.19
7037,18095075.73666667
7038,2144102.04
7039,96336618.06
7040,7654982.8533333335
7041,94036131.90666667
7042,184801625.63
7043,462366.85333333333
7044,14676006.116666667
7045,9284213.283333333
7046,67513881.07
7047,264059945.72666666
7048,20625132.55666667
7049,15363237.4
7050,115512.79666666666
7051,21464341.316666666
7052,61173703.836666666
7053,94166204.86
7054,95876741.1
7055,80424757.95333333
7056,299402838.35333335
7057,20650402.7
7058,6162412.043333333
7059,69842233.89
7060,8063150.036666667
7061,21217111.51
7062,53893298.17333333
7063,920179.0866666667
7064,163667030.62666667
7065,27518399.516666666
7066,7650803.106666666
7067,647637.0166666667
7068,91545719.25333333
7069,11771075.896666666
7070,173120892.18
7071,256030467.57
7072,2217892.08
7073,13743280.306666667
7074,1919838.97
7075,106381596.87666667
7076,85586073.79
7077,14189986.546666667
7078,48894094.32666667
7079,21998158.356666666
7080,9605782.97
7081,1428982.91
7082,2684912.1033333335
7083,192346.37
7084,36767788.72
7085,6118594.236666666
7086,1509399.1
7087,184666981.37333333
7088,77835406.39666666
7089,744037.5566666666
7090,6176911.386666667
7091,14936764.323333334
7092,438769802.81333333
7093,66982163.76
7094,15940424.13
7095,2354462.17
7096,16695011.263333334
7097,180587806.1
7098,106640743.41
7099,84470134.61333333
7100,4598637.306666667
7101,16326209.84
7102,749451.35
7103,3478925.99
7104,1709689.96
7105,151577104.43666667
7106,72303563.31
7107,36507869.19
7108,38460619.22333334
7109,49085275.446666665
7110,2059976.8666666667
7111,24044114.716666665
7112,299011992.26
7113,120317362.92
7114,15960227.43
7115,51811466.39
7116,23388470.656666666
7117,406737.38333333336
7118,16306749.223333333
7119,136457924.36333334
7120,1922272.0266666666
7121,2804047.6533333333
7122,594302.45
7123,2564739.3666666667
7124,902956356.9766667
7125,53966374.17333333
7126,449286066.25666666
7127,40587460.16
7128,7214933.293333333
7129,2503762.6633333336
7130,18658270.26
7131,22377412.126666665
7132,42280869.733333334
7133,149215107.03333333
7134,99914475.42
7135,43104143.67666667
7136,31285856.73666667
7137,14298962.883333333
7138,11306290.166666666
7139,573523.9233333333
7140,172203223.94
7141,87636.71333333333
7142,33987926.82
7143,42962425.17333333
7144,2679347.5833333335
7145,18092968.57
7146,2032058.8666666667
7147,30997925.256666668
7148,117171274.19333333
7149,13013434.93
7150,18046090.85
7151,16924724.586666666
7152,113901761.85333334
7153,3357837.8333333335
7154,34764750.93333333
7155,171798979.80333334
7156,27342145.19
7157,106762875.98333333
7158,1128113.8233333332
7159,1537671.51
7160,607360.17
7161,70259670.54666667
7162,439808638.05333334
7163,9790957.493333334
7164,138083.86666666667
7165,284368135.62666667
7166,8298398.66
7167,2200323.4366666665
7168,4015281.5833333335
7169,12646709.026666667
7170,12682685.953333333
7171,10471593.52
7172,5162219.366666666
7173,15571288.203333333
7174,2272533.3733333335
7175,9253634.246666666
7176,58878833.24333333
7177,83368820.24666667
7178,24346782.73
7179,162535280.19
7180,370444.0833333333
7181,8385589.64
7182,101764807.89333333
7183,477850.2133333333
7184,1404272044.9
7185,25023601.816666666
7186,36989188.49
7187,16583510.253333334
7188,47919644.47
7189,40555949.83
7190,4496675.8133333335
7191,34305.63
7192,16505199.283333333
7193,50922903.0
7194,307465992.29333335
7195,36144819.983333334
7196,11569504.543333333
7197,20923256.166666668
7198,10571520.52
7199,12419380.263333334
7200,49160781.25
7201,11867394.926666666
7202,28495999.576666668
7203,1865507.4933333334
7204,73757937.05
7205,152269746.42
7206,76621172.91666667
7207,537286421.1633333
7208,11489484.326666666
7209,5326975.78
7210,943322.1533333333
7211,812802.9866666667
7212,208954543.10333332
7213,50747684.70666666
7214,330042397.9433333
7215,312094327.19
7216,139112170.39
7217,2872479.933333333
7218,49544982.75666667
7219,19943802.6
7220,61598237.93333333
7221,15621643.29
7222,84712127.72666667
7223,13838818.443333333
7224,6354292.83
7225,291367.18
7226,62861801.54333334
7227,106864134.30666667
7228,25889304.516666666
7229,19447892.89666667
7230,1678739.24
7231,8156364.873333333
7232,293188398.65
7233,134322911.68666667
7234,240736274.65
7235,85483424.06
7236,208583962.85666665
7237,11632041.683333334
7238,2509584.5166666666
7239,1241753895.1
7240,17619831.696666665
7241,265231334.95333335
7242,100517234.59666666
7243,16481056.34
7244,61520078.513333336
7245,2127816.8066666666
7246,3536823.37
7247,214412032.6
7248,77665304.66
7249,2899560.22
7250,766638.5066666667
7251,26870208.54
7252,12293277.863333333
7253,14161789.75
7254,113135609.47
7255,4399402.22
7256,74878258.93333334
7257,5146349.883333334
7258,52929637.10666667
7259,25136582.55
7260,118608.4
7261,472360839.6066667
7262,63403.75666666667
7263,91860719.24
7264,5068954.716666667
7265,27956514.383333333
7266,100436015.40666667
7267,756114.8033333333
7268,4779888.946666666
7269,258164206.13
7270,264128770.52
7271,4095439.196666667
7272,49317232.846666664
7273,1720946.43
7274,6598649.046666667
7275,28306043.933333334
7276,9313303.22
7277,191386463.02
7278,419810964.24333334
7279,289031023.56666666
7280,110817049.36333333
7281,46704666.47
7282,27874658.73
7283,171710736.25
7284,289821.81
7285,63228721.51
7286,278266696.02
7287,3479737.1666666665
7288,10029113.38
7289,80376823.29666667
7290,17400616.81
7291,34469962.18666667
7292,3852852.5633333335
7293,14435283.35
7294,14411731.463333333
7295,53549063.97333334
7296,1051347.2133333334
7297,75797915.46
7298,1714055.37
7299,6794815.113333333
7300,3687792.0166666666
7301,48938391.17333333
7302,5034560.53
7303,2428827.0166666666
7304,15714054.933333334
7305,2750348.3833333333
7306,819317966.45
7307,2795540.1033333335
7308,3690017.1233333335
7309,17879526.95
7310,11099829.436666667
7311,13629617.256666666
7312,75018985.79333334
7313,207893688.14666668
7314,10713295.133333333
7315,2864353.803333333
7316,8443146.553333333
7317,10016735.086666666
7318,103439934.02333333
7319,2139271.46
7320,392342067.53
7321,635181.8333333334
7322,2624930.2333333334
7323,83031897.30333333
7324,4058025.276666667
7325,379103483.02666664
7326,293962330.43333334
7327,4909375.016666667
7328,50782952.43666667
7329,136382740.18666667
7330,282056887.76666665
7331,175210392.9
7332,45719315.31666667
7333,73020273.94666667
7334,7718883.4
7335,100823945.91666667
7336,26161661.14
7337,15755120.97
7338,49824884.51
7339,54201738.343333334
7340,9595522.426666666
7341,281811.77
7342,119450022.15
7343,2899263.3233333332
7344,36367699.13333333
7345,3348796.4066666667
7346,5537082.66
7347,9508459.533333333
7348,6713054.786666667
7349,31394473.393333334
7350,15523848.083333334
7351,53914708.46666667
7352,57783.236666666664
7353,11277828.15
7354,812286.18
7355,42919063.82333333
7356,46624837.85666667
7357,6466767.253333333
7358,19083900.85
7359,85229979.70333333
7360,53129684.156666666
7361,724454.1766666666
7362,106668837.28666666
7363,557742659.23
7364,1716401.47
7365,84062632.69666667
7366,26413218.326666668
7367,6236593.25
7368,17367105.106666666
7369,19546844.423333332
7370,124567166.93333334
7371,1153569.48
7372,108124970.41
7373,767246106.18
7374,46497805.46333333
7375,80353226.98666666
7376,1967725.4133333333
7377,21680406.863333333
7378,139657725.95
7379,73083068.26666667
7380,4491841.93
7381,13137475.226666667
7382,12195423.763333334
7383,280187.21
7384,18996115.98666667
7385,32747583.666666668
7386,62679275.75
7387,2304253.0166666666
7388,831747.5
7389,1113092.9933333334
7390,516737.55333333334
7391,11324879.256666666
7392,8317233.65
7393,704415693.7366667
7394,93167486.09
7395,90074795.19333333
7396,35008742.87
7397,51073001.82666667
7398,12559752.893333333
